evaluations raw_y
1 0.6758583401
4 0.6791632709
15 0.8420343550
18 0.9134088418
20 1.0351966874
22 1.0771219302
24 1.1027790031
25 1.1504832029
35 1.2658227848
46 1.2987012987
48 1.3027618551
58 1.3404825737
60 1.4409221902
65 1.5234613041
77 1.5403573629
85 1.5893197711
105 1.7277125086
113 1.8261504748
121 1.8450184502
160 2.2026431718
189 2.3041474654
230 2.4826216485
237 2.6014568158
239 2.7322404372
256 2.7746947836
276 2.9103608847
277 3.0303030303
311 3.2425421530
328 3.2851511170
410 3.3829499323
475 3.4867503487
694 3.6179450072
829 3.6496350365
100000 3.6496350365
evaluations raw_y
1 3.6496350365
100000 3.0229746070
evaluations raw_y
1 3.1685678074
209 3.2938076416
456 3.6496350365
100000 2.8968713789
evaluations raw_y
1 3.6496350365
100000 3.6496350365
evaluations raw_y
1 3.6496350365
100000 3.6496350365
evaluations raw_y
1 2.8768699655
314 3.0376670717
350 3.1446540881
418 3.2010243278
423 3.2765399738
458 3.4106412005
479 3.5161744023
611 3.5460992908
627 3.5971223022
630 3.6927621861
644 3.8167938931
1090 3.8284839204
100000 2.4975024975
evaluations raw_y
1 3.6390101892
54 3.8284839204
100000 3.1766200762
evaluations raw_y
1 3.8284839204
100000 3.8284839204
evaluations raw_y
1 2.7685492802
2 2.7746947836
41 3.0229746070
372 3.2679738562
375 3.2938076416
591 3.5063113604
781 3.5561877667
848 3.7369207773
1275 3.8402457757
1453 3.9001560062
100000 3.1928480204
evaluations raw_y
1 3.3467202142
38 3.9001560062
37771 3.9246467818
100000 3.2765399738
evaluations raw_y
1 1.1504832029
2 1.2212994626
79 1.2309207287
186 1.2531328321
203 1.3668671405
285 1.3912075682
292 1.4212620807
479 1.5537600994
484 1.5595757954
486 1.5893197711
495 1.5933715743
497 1.7543859649
3986 1.8422991894
7410 2.1385799829
7411 2.2341376229
98771 2.2421524664
100000 1.0579771477
evaluations raw_y
1 1.0395010395
4 1.1494252874
6 1.1990407674
7 1.2543903663
18 1.2761613068
20 1.3758943313
23 1.5792798484
24 1.6789791807
1446 1.6835016835
2500 1.7494751575
2881 1.7869907076
3754 1.9098548510
5294 1.9425019425
10586 1.9669551534
10591 2.0955574183
14609 2.1385799829
100000 1.0734220696
evaluations raw_y
1 1.0780508840
2 1.0883761428
5 1.1235955056
40 1.1452130096
41 1.1731581417
93 1.3819789939
138 1.5365703749
140 1.5893197711
142 1.6223231668
979 1.6265452180
1776 1.6880486158
1780 1.7972681524
1962 1.8450184502
1966 1.9577133908
21972 2.0374898126
60812 2.0441537204
65888 2.1872265967
80253 2.1987686895
100000 1.1317338162
evaluations raw_y
1 1.1317338162
4 1.1368804002
111 1.1633317822
112 1.2260912212
115 1.3506212858
121 1.3579576317
149 1.5852885225
636 1.5933715743
638 1.6056518947
641 1.7253278123
1707 1.7818959373
2547 1.7998560115
5807 1.8129079043
7997 1.8234865062
8003 2.1682567216
9143 2.2261798753
41782 2.2502250225
83245 2.2583559169
100000 1.0208248265
evaluations raw_y
1 1.0208248265
2 1.1286681716
19 1.1709601874
44 1.2382367509
46 1.2493753123
47 1.2658227848
54 1.2973533991
55 1.3433637829
121 1.3850415512
251 1.3865779257
253 1.4526438117
270 1.7768301350
281 1.8477457502
7474 1.9186492709
8377 1.9305019305
16130 2.1795989538
49131 2.2143489814
100000 0.5067909994
evaluations raw_y
1 0.4417741650
11 0.4571219601
21 0.4801229115
22 0.6810133479
23 0.7116424708
25 0.7913896803
27 0.8781173165
28 0.9792401097
31 1.0743446498
34 1.1944577162
35 1.2735608762
44 1.2853470437
46 1.3865779257
117 1.5893197711
118 1.7618040874
1153 1.8782870023
1155 2.0408163265
39434 2.0850708924
100000 1.0893246187
evaluations raw_y
1 0.9187798603
3 0.9877518767
8 1.1057054401
70 1.2518778167
244 1.5179113540
245 1.6479894529
247 1.9546520719
3216 2.1459227468
6253 2.1682567216
60387 2.2026431718
100000 1.2493753123
evaluations raw_y
1 1.2493753123
4 1.2813941568
10 1.2840267078
13 1.5365703749
23 1.7618040874
27 1.8422991894
3615 1.9275250578
3631 2.0678246485
25599 2.3474178404
100000 1.0447137484
evaluations raw_y
1 1.0447137484
3 1.1753643630
114 1.2248897599
115 1.3774104683
116 1.3789299504
117 1.4376078206
120 1.4645577036
128 1.4872099941
147 1.6015374760
148 1.7182130584
854 1.8368846436
5634 1.8867924528
5635 1.9425019425
12994 2.0990764064
37039 2.2182786158
100000 1.4261266400
evaluations raw_y
1 1.4784151390
14 1.4943215780
16 1.5142337977
17 1.6265452180
143 1.6767270288
852 1.7041581459
858 1.7743080199
861 1.7921146953
3608 1.8450184502
16411 1.8867924528
19149 2.0016012810
34314 2.2341376229
34315 2.3212627669
95347 2.4630541872
100000 1.1655011655
evaluations raw_y
1 0.8443093549
2 1.0044194456
3 1.1246063878
5 1.2141816416
9 1.4021312395
20 1.4037057833
30 1.4261266400
33 1.4359563469
35 1.6700066800
48 1.6857720836
50 1.7135023989
51 1.9275250578
53 1.9607843137
93 1.9952114924
102 2.0145044319
131 2.0177562550
138 2.0542317173
142 2.1496130696
147 2.2872827081
161 2.3969319271
164 2.4342745862
197 2.4390243902
210 2.5746652935
263 2.8636884307
303 2.9446407538
311 3.1766200762
4310 3.2679738562
4390 3.3112582781
4424 3.3200531208
4790 3.3647375505
15448 3.4199726402
15795 3.7369207773
17187 3.8520801233
100000 3.8520801233
evaluations raw_y
1 3.8520801233
100000 3.8520801233
evaluations raw_y
1 3.8520801233
100000 3.8520801233
evaluations raw_y
1 3.4770514604
4 3.8520801233
100000 3.5161744023
evaluations raw_y
1 3.1605562579
3 3.8520801233
100000 3.4199726402
evaluations raw_y
1 3.8520801233
100000 3.8520801233
evaluations raw_y
1 3.8520801233
100000 2.9585798817
evaluations raw_y
1 2.8441410694
2 3.1928480204
5 3.8520801233
100000 3.8520801233
evaluations raw_y
1 3.8520801233
100000 3.8520801233
evaluations raw_y
1 3.8520801233
100000 3.1133250311
evaluations raw_y
1 0.9487666034
2 1.0912265386
3 1.1978917106
8 1.2893243940
9 1.3150973172
12 1.4492753623
13 1.5309246785
621 1.5933715743
623 1.6181229773
631 1.7135023989
1461 1.8982536067
1470 2.2502250225
1471 2.2706630336
10885 2.3923444976
35659 2.5853154085
100000 0.9107468124
evaluations raw_y
1 0.8020532563
2 0.8308408109
3 1.0036130068
35 1.0912265386
48 1.1018069634
122 1.1842728565
159 1.2696800406
170 1.4180374362
338 1.4212620807
478 1.4872099941
669 1.7111567420
1640 1.7593244194
1898 1.9040365575
7021 1.9577133908
18093 1.9984012790
18665 2.4248302619
100000 1.2632642749
evaluations raw_y
1 1.0455876202
2 1.2456402591
4 1.4543339151
5 1.4872099941
9 1.5197568389
17 1.8315018315
3765 2.0308692120
11640 2.0746887967
14002 2.1496130696
18739 2.3430178069
19008 2.3607176582
23913 2.4201355276
100000 0.7633587786
evaluations raw_y
1 0.9242144177
2 1.0125556906
31 1.1125945705
52 1.2201073694
54 1.2236906510
114 1.2431626057
123 1.2658227848
127 1.2973533991
138 1.4359563469
273 1.4392630973
486 1.4749262537
518 1.4872099941
519 1.8422991894
2339 1.9364833462
8059 1.9394879752
31680 2.0145044319
31699 2.0746887967
31734 2.1607605877
36169 2.3342670401
36179 2.3969319271
100000 0.9297136482
evaluations raw_y
1 1.2493753123
103 1.3491635186
242 1.3865779257
261 1.5290519878
292 1.7253278123
2342 1.8076644975
7369 1.8754688672
7474 1.8896447468
7517 1.9011406844
7564 1.9516003123
10659 1.9577133908
10689 2.1312872975
10751 2.1533161068
72830 2.3342670401
100000 1.1410314925
evaluations raw_y
1 0.9187798603
2 0.9823182711
4 1.0526315789
19 1.2827090816
384 1.3520822066
410 1.3564839935
441 1.3668671405
453 1.4164305949
486 1.4293882218
528 1.4836795252
565 1.4854426619
574 1.6523463318
575 1.6700066800
584 1.7543859649
679 1.7717930546
2423 1.7972681524
9897 1.9157088123
12299 1.9546520719
19102 1.9952114924
30434 2.1026072330
45016 2.1533161068
45247 2.2065313327
100000 0.9846396219
evaluations raw_y
1 1.2787723785
16 1.3123359580
43 1.6015374760
820 1.6160310278
910 1.6202203500
931 1.7018379850
1459 1.7743080199
2007 1.8288222385
2048 1.8315018315
2051 1.9098548510
2077 1.9186492709
2348 1.9485580670
2620 2.0308692120
14824 2.1097046414
24134 2.1385799829
24261 2.1910604733
41201 2.2261798753
41269 2.2665457842
100000 1.1155734047
evaluations raw_y
1 1.0233319689
2 1.0535187526
3 1.3774104683
65 1.4293882218
118 1.4459224986
177 1.4611338399
464 1.5346838551
763 1.6567263088
772 1.6633399867
793 1.6677785190
796 1.7470300489
1124 1.7692852088
1127 1.9157088123
1219 1.9669551534
13081 2.0048115477
14353 2.0080321285
14375 2.1204410517
78562 2.3877745941
100000 1.2696800406
evaluations raw_y
1 1.2394645513
2 1.3881177124
3 1.4116318464
5 1.4801657786
12 1.5051173992
28 1.5634771732
46 1.7229496899
1485 1.7667844523
1507 1.7895490336
1576 1.8670649739
1649 1.9669551534
2165 2.0920502092
38663 2.1061499579
38669 2.3474178404
65859 2.4061597690
100000 1.0789814415
evaluations raw_y
1 1.0979358805
3 1.1547344111
4 1.3550135501
15 1.7088174983
905 1.7743080199
1804 1.8234865062
1825 1.9069412662
6613 1.9825535289
7903 1.9857029388
13703 1.9952114924
18826 1.9984012790
18866 2.0542317173
22119 2.0576131687
22133 2.0610057708
22134 2.0850708924
44860 2.1097046414
49858 2.1910604733
86673 2.2026431718
100000 0.9423294384
evaluations raw_y
1 1.0283833813
2 1.3579576317
9 1.3698630137
23 1.3789299504
33 1.5974440895
86 1.6611295681
156 1.6722408027
262 1.7793594306
264 1.8726591760
337 1.9425019425
391 2.1682567216
453 2.1795989538
466 2.2872827081
496 2.3518344309
504 2.3969319271
526 2.6178010471
546 2.6737967914
551 2.7746947836
610 2.9171528588
632 3.1928480204
838 3.2010243278
1765 3.4482758621
1898 3.4770514604
2056 3.5260930889
2276 3.8880248834
100000 3.5063113604
evaluations raw_y
1 3.8880248834
38073 3.9619651347
39164 3.9745627981
100000 3.9745627981
evaluations raw_y
1 3.9745627981
100000 3.0084235860
evaluations raw_y
1 3.9745627981
100000 3.9745627981
evaluations raw_y
1 3.9745627981
100000 3.9745627981
evaluations raw_y
1 3.9745627981
100000 3.9745627981
evaluations raw_y
1 2.1987686895
2 3.7257824143
4 3.9745627981
100000 3.9745627981
evaluations raw_y
1 3.4578146611
2 3.6390101892
3 3.9745627981
100000 3.9745627981
evaluations raw_y
1 3.1289111389
2 3.9745627981
100000 3.3112582781
evaluations raw_y
1 3.9745627981
100000 3.0826140567
evaluations raw_y
1 1.3404825737
2 1.4836795252
24 1.5069318867
52 1.5253203173
161 1.6949152542
387 1.7182130584
492 1.8395879323
1561 1.8754688672
2139 1.8982536067
2925 2.2502250225
71526 2.3786869648
100000 0.9523809524
evaluations raw_y
1 0.9458948165
2 1.0561892691
4 1.1831519167
9 1.3804527885
187 1.4116318464
257 1.7277125086
930 1.8261504748
4834 2.0242914980
5118 2.2583559169
40909 2.5278058645
46313 2.5432349949
100000 1.0309278351
evaluations raw_y
1 0.8046346958
2 1.2658227848
8 1.4611338399
26 1.8670649739
172 1.8839487566
641 1.9069412662
1089 1.9334880124
2477 1.9485580670
2990 2.3474178404
17123 2.3832221163
100000 1.2260912212
evaluations raw_y
1 0.9531071292
3 0.9708737864
6 1.1235955056
7 1.1709601874
10 1.3150973172
28 1.3206550449
47 1.4343086632
127 1.5422578655
145 1.5673981191
1057 1.5832805573
1085 1.7972681524
13780 1.7998560115
15658 1.8698578908
27412 1.8953752843
29666 1.9011406844
29742 1.9857029388
31778 1.9984012790
31912 2.3518344309
100000 0.8713837574
evaluations raw_y
1 1.0275380189
2 1.3123359580
3 1.3623978202
4 1.7972681524
338 2.0145044319
11013 2.0308692120
19099 2.0341741253
50422 2.2261798753
52599 2.4154589372
100000 0.8647526807
evaluations raw_y
1 0.7610350076
2 0.9134088418
3 1.0864841373
6 1.2406947891
19 1.5441630636
33 1.5634771732
237 1.7325017325
533 1.7869907076
4373 1.9127773527
6468 1.9700551615
6959 2.0016012810
7851 2.0177562550
12953 2.0242914980
14948 2.1422450728
55628 2.1645021645
91182 2.2261798753
100000 1.0326311442
evaluations raw_y
1 1.2906556531
7 1.2919896641
10 1.3178703216
14 1.5634771732
22 1.6835016835
83 1.7692852088
318 1.8341892883
367 1.9098548510
1336 1.9425019425
5102 2.0048115477
7122 2.0678246485
10283 2.0920502092
36063 2.2222222222
58345 2.4108003857
100000 1.2709710219
evaluations raw_y
1 1.0725010725
7 1.1256190905
9 1.3248542660
16 1.4611338399
33 1.4645577036
142 1.4662756598
169 1.5852885225
261 1.6972165648
3566 1.9455252918
4285 1.9825535289
15520 1.9888623707
28038 2.0746887967
28335 2.0815986678
42735 2.0850708924
63748 2.1276595745
65393 2.1645021645
100000 0.4920291281
evaluations raw_y
1 1.0012014417
4 1.1215791835
8 1.3943112103
286 1.7869907076
1616 1.9920318725
40748 2.0308692120
78232 2.0815986678
82886 2.1385799829
83140 2.1758050479
83657 2.2341376229
85771 2.3169601483
92019 2.5278058645
100000 1.1978917106
evaluations raw_y
1 1.3462574044
5 1.5124016939
7 1.6202203500
36 1.6458196182
71 1.7182130584
75 1.7543859649
120 1.8811136193
242 1.9157088123
744 2.3832221163
100000 1.1096316023
