evaluations raw_y
1 0.0000000000
2 1.0000000000
3 3.0000000000
10 4.0000000000
19 8.0000000000
22 10.0000000000
225 11.0000000000
607 12.0000000000
739 13.0000000000
880 14.0000000000
974 16.0000000000
1225 18.0000000000
1327 21.0000000000
1803 22.0000000000
1819 24.0000000000
1928 25.0000000000
2197 33.0000000000
2818 36.0000000000
2872 38.0000000000
3059 41.0000000000
3238 43.0000000000
3282 46.0000000000
3834 48.0000000000
3943 51.0000000000
3969 52.0000000000
4341 53.0000000000
4437 54.0000000000
4842 57.0000000000
5539 62.0000000000
5561 63.0000000000
5683 66.0000000000
5843 69.0000000000
6159 72.0000000000
6194 75.0000000000
6322 77.0000000000
6369 78.0000000000
6459 80.0000000000
6474 81.0000000000
6488 82.0000000000
6547 83.0000000000
6840 87.0000000000
6971 88.0000000000
7043 91.0000000000
7333 92.0000000000
7468 95.0000000000
7532 96.0000000000
7594 99.0000000000
7632 100.0000000000
evaluations raw_y
1 0.0000000000
9 1.0000000000
246 2.0000000000
564 8.0000000000
832 10.0000000000
1022 11.0000000000
1061 15.0000000000
1063 18.0000000000
1616 22.0000000000
1760 25.0000000000
2067 26.0000000000
2153 27.0000000000
2287 29.0000000000
2437 31.0000000000
2501 33.0000000000
2572 34.0000000000
3595 36.0000000000
3848 37.0000000000
3973 38.0000000000
4164 39.0000000000
4236 41.0000000000
4320 42.0000000000
4393 44.0000000000
4451 45.0000000000
4591 46.0000000000
4755 49.0000000000
5001 50.0000000000
5111 55.0000000000
5509 57.0000000000
5892 58.0000000000
5997 59.0000000000
6100 63.0000000000
6144 64.0000000000
6171 68.0000000000
6365 71.0000000000
6649 72.0000000000
6908 73.0000000000
7355 76.0000000000
7536 77.0000000000
8657 78.0000000000
8682 79.0000000000
9290 82.0000000000
9524 83.0000000000
9580 84.0000000000
9619 87.0000000000
9974 90.0000000000
11286 93.0000000000
11308 95.0000000000
11434 97.0000000000
11635 100.0000000000
evaluations raw_y
1 0.0000000000
2 1.0000000000
4 2.0000000000
6 3.0000000000
156 5.0000000000
267 7.0000000000
419 9.0000000000
864 15.0000000000
899 16.0000000000
1120 17.0000000000
1174 18.0000000000
1281 20.0000000000
1478 21.0000000000
2109 23.0000000000
2317 26.0000000000
2455 28.0000000000
2632 32.0000000000
2779 33.0000000000
3554 34.0000000000
3710 35.0000000000
3727 36.0000000000
3759 40.0000000000
3905 42.0000000000
4736 44.0000000000
4979 45.0000000000
5204 49.0000000000
5979 51.0000000000
6430 52.0000000000
8014 53.0000000000
8095 54.0000000000
8244 58.0000000000
9246 61.0000000000
9465 63.0000000000
9687 64.0000000000
9712 65.0000000000
9747 66.0000000000
10557 67.0000000000
10848 68.0000000000
10874 69.0000000000
11580 70.0000000000
11715 71.0000000000
11730 72.0000000000
12295 76.0000000000
12550 77.0000000000
13846 78.0000000000
14238 80.0000000000
14456 84.0000000000
15021 86.0000000000
15087 87.0000000000
15255 88.0000000000
15354 92.0000000000
15645 93.0000000000
16129 96.0000000000
16184 99.0000000000
16626 100.0000000000
evaluations raw_y
1 0.0000000000
5 2.0000000000
7 4.0000000000
418 5.0000000000
439 6.0000000000
517 9.0000000000
597 10.0000000000
673 11.0000000000
772 13.0000000000
912 14.0000000000
1150 16.0000000000
1393 17.0000000000
1466 18.0000000000
1567 20.0000000000
2173 21.0000000000
2562 23.0000000000
2978 24.0000000000
3132 26.0000000000
3456 28.0000000000
3492 32.0000000000
3559 33.0000000000
3627 36.0000000000
4040 41.0000000000
4195 42.0000000000
4372 44.0000000000
4464 45.0000000000
5364 46.0000000000
5447 49.0000000000
5832 50.0000000000
5859 51.0000000000
6202 55.0000000000
6387 58.0000000000
6458 59.0000000000
6467 62.0000000000
6550 65.0000000000
6881 67.0000000000
7363 68.0000000000
8244 69.0000000000
8318 70.0000000000
8576 72.0000000000
8866 76.0000000000
9222 78.0000000000
9780 79.0000000000
9839 80.0000000000
10161 81.0000000000
10274 82.0000000000
10422 83.0000000000
11545 85.0000000000
11742 86.0000000000
11752 87.0000000000
11791 89.0000000000
11981 90.0000000000
12530 92.0000000000
12873 97.0000000000
13013 98.0000000000
13108 99.0000000000
13177 100.0000000000
evaluations raw_y
1 6.0000000000
73 11.0000000000
185 13.0000000000
716 15.0000000000
807 19.0000000000
925 21.0000000000
996 23.0000000000
1064 24.0000000000
1508 25.0000000000
1733 26.0000000000
2377 29.0000000000
2578 30.0000000000
2631 32.0000000000
2651 33.0000000000
2675 34.0000000000
3071 35.0000000000
3078 38.0000000000
3425 39.0000000000
3640 41.0000000000
3706 44.0000000000
3984 45.0000000000
4147 46.0000000000
4551 52.0000000000
4843 53.0000000000
5687 57.0000000000
5760 58.0000000000
5982 59.0000000000
6266 60.0000000000
6467 66.0000000000
6866 68.0000000000
6912 69.0000000000
7223 71.0000000000
7346 74.0000000000
8565 75.0000000000
8870 76.0000000000
9239 83.0000000000
9339 84.0000000000
9669 89.0000000000
10237 91.0000000000
10992 92.0000000000
11345 95.0000000000
11615 96.0000000000
11846 98.0000000000
11971 99.0000000000
12320 100.0000000000
evaluations raw_y
1 0.0000000000
2 1.0000000000
5 3.0000000000
8 4.0000000000
9 5.0000000000
15 7.0000000000
53 9.0000000000
392 11.0000000000
558 12.0000000000
756 15.0000000000
819 16.0000000000
926 17.0000000000
1025 18.0000000000
1367 19.0000000000
1417 20.0000000000
1835 21.0000000000
2618 25.0000000000
2665 29.0000000000
2771 30.0000000000
3129 33.0000000000
3429 34.0000000000
3607 35.0000000000
3748 36.0000000000
3942 37.0000000000
4149 38.0000000000
4746 39.0000000000
4907 40.0000000000
5600 44.0000000000
5727 45.0000000000
5877 47.0000000000
6082 51.0000000000
6518 53.0000000000
6867 56.0000000000
6919 57.0000000000
7072 60.0000000000
7190 63.0000000000
7539 65.0000000000
7600 66.0000000000
7956 67.0000000000
7966 68.0000000000
8101 76.0000000000
8154 77.0000000000
8236 85.0000000000
8291 88.0000000000
8315 90.0000000000
8384 91.0000000000
8574 92.0000000000
9981 93.0000000000
10988 94.0000000000
11046 96.0000000000
11456 97.0000000000
11723 100.0000000000
evaluations raw_y
1 0.0000000000
2 1.0000000000
17 5.0000000000
79 9.0000000000
237 12.0000000000
842 13.0000000000
924 15.0000000000
1360 16.0000000000
1458 17.0000000000
1594 18.0000000000
1626 23.0000000000
1753 24.0000000000
1812 26.0000000000
1944 28.0000000000
2105 30.0000000000
2671 31.0000000000
2838 33.0000000000
3046 35.0000000000
3223 37.0000000000
3867 39.0000000000
4046 41.0000000000
4093 43.0000000000
4291 44.0000000000
4735 45.0000000000
5115 50.0000000000
5272 51.0000000000
5574 55.0000000000
6778 56.0000000000
6849 57.0000000000
7184 61.0000000000
7468 66.0000000000
8069 67.0000000000
8106 69.0000000000
8115 70.0000000000
8571 71.0000000000
9058 73.0000000000
9263 75.0000000000
9789 76.0000000000
10307 77.0000000000
10582 80.0000000000
11285 81.0000000000
11450 83.0000000000
11545 85.0000000000
11815 88.0000000000
12047 94.0000000000
12073 95.0000000000
12408 97.0000000000
12520 99.0000000000
12535 100.0000000000
evaluations raw_y
1 2.0000000000
6 5.0000000000
11 6.0000000000
13 7.0000000000
20 8.0000000000
114 11.0000000000
351 13.0000000000
622 14.0000000000
1014 15.0000000000
1053 16.0000000000
1198 17.0000000000
1210 21.0000000000
1455 23.0000000000
1711 24.0000000000
1995 25.0000000000
2337 27.0000000000
2542 28.0000000000
2716 31.0000000000
2921 32.0000000000
3186 34.0000000000
3286 37.0000000000
3439 39.0000000000
3681 44.0000000000
5302 49.0000000000
5467 51.0000000000
5504 54.0000000000
6254 56.0000000000
7317 58.0000000000
7427 60.0000000000
7442 61.0000000000
7628 63.0000000000
7766 64.0000000000
7850 67.0000000000
8075 70.0000000000
8142 74.0000000000
8307 75.0000000000
8943 77.0000000000
8982 78.0000000000
9248 79.0000000000
10382 81.0000000000
10508 84.0000000000
10516 85.0000000000
10563 87.0000000000
10731 88.0000000000
10874 91.0000000000
10883 92.0000000000
11077 93.0000000000
11615 95.0000000000
11794 97.0000000000
11964 98.0000000000
12645 99.0000000000
12979 100.0000000000
evaluations raw_y
1 1.0000000000
2 2.0000000000
8 3.0000000000
11 4.0000000000
36 5.0000000000
134 6.0000000000
562 10.0000000000
694 12.0000000000
740 14.0000000000
888 16.0000000000
1279 19.0000000000
1514 20.0000000000
1607 22.0000000000
1767 24.0000000000
2194 29.0000000000
2436 30.0000000000
3086 31.0000000000
3274 34.0000000000
3845 35.0000000000
3985 38.0000000000
4385 39.0000000000
4448 41.0000000000
4641 42.0000000000
4651 45.0000000000
4795 46.0000000000
4816 50.0000000000
5154 51.0000000000
5225 52.0000000000
5627 54.0000000000
5943 56.0000000000
6040 57.0000000000
6637 60.0000000000
6648 61.0000000000
7138 62.0000000000
7325 63.0000000000
7326 64.0000000000
8090 65.0000000000
8461 66.0000000000
8869 67.0000000000
9220 68.0000000000
10247 71.0000000000
10442 72.0000000000
10518 73.0000000000
10673 74.0000000000
11839 75.0000000000
11876 79.0000000000
12106 81.0000000000
12416 83.0000000000
12476 85.0000000000
12825 93.0000000000
12883 94.0000000000
12955 95.0000000000
12973 97.0000000000
13743 100.0000000000
evaluations raw_y
1 0.0000000000
2 2.0000000000
6 4.0000000000
27 6.0000000000
225 9.0000000000
264 11.0000000000
461 15.0000000000
582 17.0000000000
737 18.0000000000
978 19.0000000000
1038 22.0000000000
1140 29.0000000000
1326 31.0000000000
1772 34.0000000000
2338 35.0000000000
2380 37.0000000000
2414 40.0000000000
2550 41.0000000000
2650 42.0000000000
2905 43.0000000000
2962 44.0000000000
3248 45.0000000000
3282 46.0000000000
3744 47.0000000000
4366 49.0000000000
4434 52.0000000000
4541 54.0000000000
5022 56.0000000000
5292 57.0000000000
5831 62.0000000000
6121 64.0000000000
6341 66.0000000000
6428 68.0000000000
6859 70.0000000000
7342 71.0000000000
7394 78.0000000000
7617 79.0000000000
7915 81.0000000000
7990 82.0000000000
8191 87.0000000000
8246 88.0000000000
8646 89.0000000000
8704 91.0000000000
9250 92.0000000000
9468 93.0000000000
10284 95.0000000000
10446 96.0000000000
10641 97.0000000000
10746 98.0000000000
10873 100.0000000000
