evaluations raw_y
1 6.6000000000
2 8.0000000000
5 9.0000000000
15 9.4000000000
22 10.4000000000
36 10.6000000000
50 10.8000000000
63 11.0000000000
86 11.4000000000
95 11.6000000000
110 12.4000000000
124 12.6000000000
178 12.8000000000
222 13.0000000000
228 13.4000000000
242 13.6000000000
257 14.0000000000
292 14.2000000000
335 14.4000000000
357 14.6000000000
430 14.8000000000
473 15.0000000000
479 15.2000000000
550 15.4000000000
564 15.6000000000
608 15.8000000000
917 16.0000000000
980 16.2000000000
1017 16.4000000000
1026 16.6000000000
100000 16.4000000000
evaluations raw_y
1 6.2000000000
2 6.4000000000
5 6.8000000000
7 7.6000000000
12 7.8000000000
19 8.2000000000
22 8.8000000000
24 10.0000000000
35 11.0000000000
44 11.2000000000
50 11.8000000000
55 12.0000000000
63 12.2000000000
67 12.4000000000
81 12.6000000000
83 12.8000000000
102 13.2000000000
140 13.4000000000
157 13.6000000000
187 13.8000000000
215 14.0000000000
264 14.2000000000
285 14.4000000000
305 14.6000000000
425 14.8000000000
449 15.0000000000
463 15.2000000000
469 15.4000000000
517 15.6000000000
572 15.8000000000
604 16.0000000000
626 16.2000000000
655 16.4000000000
657 16.6000000000
947 16.8000000000
1716 17.0000000000
100000 15.8000000000
evaluations raw_y
1 5.6000000000
3 7.2000000000
10 8.0000000000
13 8.2000000000
22 9.6000000000
33 10.2000000000
39 10.4000000000
54 10.6000000000
61 10.8000000000
72 11.8000000000
103 12.0000000000
109 12.2000000000
138 12.4000000000
143 12.6000000000
176 12.8000000000
184 13.0000000000
203 13.2000000000
217 13.4000000000
219 13.6000000000
268 13.8000000000
269 14.0000000000
325 14.2000000000
333 14.4000000000
357 14.6000000000
400 14.8000000000
470 15.0000000000
505 15.2000000000
519 15.4000000000
557 15.6000000000
622 15.8000000000
628 16.0000000000
738 16.2000000000
818 16.4000000000
883 16.6000000000
932 16.8000000000
1449 17.0000000000
1946 17.2000000000
100000 17.0000000000
evaluations raw_y
1 6.8000000000
4 8.0000000000
6 8.6000000000
7 9.4000000000
16 10.0000000000
23 10.2000000000
26 10.6000000000
30 10.8000000000
32 11.0000000000
33 11.2000000000
37 12.0000000000
46 12.2000000000
54 12.6000000000
58 13.0000000000
94 13.2000000000
135 13.4000000000
164 13.6000000000
203 13.8000000000
258 14.0000000000
261 14.2000000000
282 14.4000000000
317 14.6000000000
329 14.8000000000
372 15.0000000000
395 15.2000000000
476 15.4000000000
584 15.6000000000
600 15.8000000000
638 16.0000000000
658 16.2000000000
671 16.4000000000
763 16.6000000000
1056 16.8000000000
100000 16.8000000000
evaluations raw_y
1 7.2000000000
3 7.6000000000
6 7.8000000000
9 8.8000000000
10 9.0000000000
19 9.4000000000
32 10.0000000000
54 10.2000000000
68 10.6000000000
104 10.8000000000
114 11.0000000000
128 11.2000000000
153 11.4000000000
165 11.6000000000
171 11.8000000000
178 12.0000000000
191 12.2000000000
206 12.6000000000
230 12.8000000000
293 13.0000000000
309 13.2000000000
343 13.4000000000
351 13.6000000000
395 13.8000000000
420 14.0000000000
428 14.2000000000
434 14.4000000000
440 14.6000000000
496 14.8000000000
580 15.0000000000
661 15.2000000000
715 15.4000000000
753 15.6000000000
772 15.8000000000
826 16.0000000000
960 16.2000000000
1155 16.4000000000
100000 16.2000000000
evaluations raw_y
1 6.2000000000
2 6.6000000000
4 7.2000000000
9 7.4000000000
16 8.6000000000
21 9.6000000000
33 10.4000000000
37 11.2000000000
58 11.4000000000
68 11.8000000000
80 12.0000000000
83 12.2000000000
94 12.4000000000
114 12.6000000000
128 12.8000000000
143 13.0000000000
163 13.2000000000
249 13.4000000000
274 13.6000000000
288 13.8000000000
304 14.0000000000
326 14.2000000000
345 14.4000000000
354 14.6000000000
362 14.8000000000
377 15.0000000000
399 15.2000000000
450 15.4000000000
547 15.6000000000
588 15.8000000000
711 16.0000000000
762 16.2000000000
847 16.4000000000
901 16.6000000000
981 16.8000000000
1567 17.0000000000
100000 16.8000000000
evaluations raw_y
1 7.0000000000
6 7.2000000000
7 7.4000000000
11 8.4000000000
20 8.6000000000
25 9.2000000000
36 9.4000000000
41 10.2000000000
57 10.4000000000
66 11.0000000000
83 11.2000000000
127 11.4000000000
149 11.6000000000
162 11.8000000000
165 12.0000000000
191 12.2000000000
196 12.4000000000
218 12.6000000000
221 12.8000000000
271 13.0000000000
289 13.2000000000
317 13.4000000000
336 13.6000000000
353 14.0000000000
372 14.2000000000
391 14.4000000000
400 14.6000000000
424 14.8000000000
435 15.0000000000
519 15.2000000000
535 15.4000000000
595 15.6000000000
631 15.8000000000
767 16.0000000000
1538 16.2000000000
1666 16.4000000000
1985 16.6000000000
100000 16.6000000000
evaluations raw_y
1 7.2000000000
2 7.4000000000
6 7.6000000000
7 8.6000000000
14 9.4000000000
18 9.6000000000
21 10.2000000000
33 10.6000000000
37 11.6000000000
47 11.8000000000
53 12.2000000000
56 12.6000000000
81 12.8000000000
99 13.0000000000
119 13.2000000000
137 13.4000000000
138 13.6000000000
160 13.8000000000
190 14.0000000000
215 14.2000000000
246 14.4000000000
295 14.6000000000
376 14.8000000000
406 15.0000000000
468 15.2000000000
512 15.4000000000
543 15.6000000000
553 15.8000000000
802 16.0000000000
1070 16.2000000000
1165 16.4000000000
100000 16.4000000000
evaluations raw_y
1 7.8000000000
8 8.0000000000
18 8.2000000000
21 8.4000000000
22 9.8000000000
38 10.0000000000
40 10.4000000000
53 11.0000000000
74 11.2000000000
89 11.4000000000
125 11.6000000000
143 11.8000000000
151 12.0000000000
173 12.2000000000
195 12.4000000000
216 12.6000000000
237 12.8000000000
254 13.0000000000
273 13.2000000000
284 13.4000000000
335 13.6000000000
346 13.8000000000
360 14.0000000000
418 14.2000000000
469 14.4000000000
548 14.6000000000
597 14.8000000000
637 15.0000000000
666 15.2000000000
715 15.4000000000
800 15.6000000000
894 15.8000000000
953 16.0000000000
2048 16.2000000000
100000 16.0000000000
evaluations raw_y
1 6.2000000000
3 6.6000000000
4 6.8000000000
6 7.0000000000
7 7.6000000000
26 8.0000000000
32 8.2000000000
37 8.4000000000
49 8.6000000000
55 9.2000000000
57 9.6000000000
69 9.8000000000
76 10.0000000000
94 10.2000000000
123 10.4000000000
138 10.6000000000
158 10.8000000000
165 11.0000000000
176 11.2000000000
200 11.4000000000
249 11.6000000000
294 11.8000000000
311 12.0000000000
364 12.2000000000
372 12.4000000000
405 12.6000000000
410 12.8000000000
414 13.0000000000
429 13.2000000000
469 13.6000000000
487 13.8000000000
507 14.0000000000
570 14.2000000000
616 14.4000000000
679 14.6000000000
702 14.8000000000
740 15.0000000000
768 15.2000000000
801 15.4000000000
815 15.6000000000
903 15.8000000000
929 16.0000000000
1051 16.2000000000
1063 16.4000000000
100000 16.4000000000
