evaluations raw_y
1 2593.0000000000
3 2603.0000000000
5 3427.0000000000
50 3485.0000000000
88 3577.0000000000
94 3612.0000000000
123 3677.0000000000
156 3683.0000000000
166 3844.0000000000
179 3893.0000000000
223 3949.0000000000
231 3997.0000000000
276 4038.0000000000
278 4058.0000000000
305 4085.0000000000
311 4209.0000000000
374 4259.0000000000
394 4288.0000000000
411 4297.0000000000
419 4301.0000000000
430 4458.0000000000
446 4523.0000000000
527 4528.0000000000
532 4606.0000000000
612 4614.0000000000
621 4631.0000000000
638 4660.0000000000
692 4675.0000000000
696 4716.0000000000
763 4755.0000000000
821 4759.0000000000
828 4834.0000000000
908 4840.0000000000
956 4885.0000000000
987 4887.0000000000
1000 4893.0000000000
1030 4934.0000000000
1068 4940.0000000000
1140 4954.0000000000
1174 4985.0000000000
1213 4991.0000000000
1242 5021.0000000000
1462 5022.0000000000
1895 5037.0000000000
2174 5050.0000000000
evaluations raw_y
1 2101.0000000000
2 2359.0000000000
4 2523.0000000000
5 2822.0000000000
8 2863.0000000000
22 3271.0000000000
38 3315.0000000000
60 3614.0000000000
90 3640.0000000000
116 3678.0000000000
150 3735.0000000000
194 3839.0000000000
198 3902.0000000000
201 4000.0000000000
235 4103.0000000000
266 4237.0000000000
295 4261.0000000000
313 4336.0000000000
327 4450.0000000000
380 4507.0000000000
400 4528.0000000000
406 4534.0000000000
442 4565.0000000000
449 4578.0000000000
455 4681.0000000000
510 4690.0000000000
533 4791.0000000000
583 4891.0000000000
616 4893.0000000000
639 4898.0000000000
664 4907.0000000000
683 4908.0000000000
716 4925.0000000000
824 4952.0000000000
1086 4976.0000000000
1219 4978.0000000000
1261 4990.0000000000
1308 4992.0000000000
1334 5002.0000000000
1346 5016.0000000000
1390 5018.0000000000
1422 5027.0000000000
1461 5029.0000000000
2528 5050.0000000000
evaluations raw_y
1 2286.0000000000
2 2431.0000000000
5 2553.0000000000
15 3038.0000000000
32 3451.0000000000
90 3567.0000000000
122 3591.0000000000
129 3676.0000000000
155 3688.0000000000
181 3726.0000000000
208 3878.0000000000
235 4049.0000000000
273 4208.0000000000
285 4328.0000000000
354 4393.0000000000
367 4425.0000000000
416 4457.0000000000
439 4471.0000000000
440 4489.0000000000
451 4519.0000000000
479 4520.0000000000
491 4521.0000000000
507 4568.0000000000
558 4614.0000000000
617 4678.0000000000
642 4705.0000000000
650 4729.0000000000
712 4746.0000000000
727 4760.0000000000
769 4769.0000000000
788 4820.0000000000
806 4834.0000000000
807 4837.0000000000
854 4851.0000000000
857 4865.0000000000
917 4873.0000000000
951 4889.0000000000
963 4903.0000000000
979 4943.0000000000
1012 4966.0000000000
1015 4967.0000000000
1035 4981.0000000000
1087 4986.0000000000
1118 5003.0000000000
1137 5010.0000000000
1162 5012.0000000000
1190 5019.0000000000
1312 5025.0000000000
1399 5027.0000000000
1460 5037.0000000000
1880 5042.0000000000
1970 5050.0000000000
evaluations raw_y
1 2751.0000000000
6 2794.0000000000
8 3008.0000000000
13 3024.0000000000
18 3034.0000000000
22 3340.0000000000
64 3369.0000000000
65 3383.0000000000
110 3474.0000000000
123 3567.0000000000
156 3709.0000000000
174 3763.0000000000
189 3807.0000000000
194 3898.0000000000
261 3904.0000000000
271 4212.0000000000
315 4224.0000000000
373 4253.0000000000
377 4262.0000000000
398 4295.0000000000
405 4450.0000000000
442 4510.0000000000
500 4526.0000000000
530 4545.0000000000
585 4562.0000000000
609 4627.0000000000
639 4659.0000000000
674 4667.0000000000
679 4674.0000000000
716 4708.0000000000
727 4735.0000000000
757 4762.0000000000
764 4767.0000000000
789 4774.0000000000
812 4782.0000000000
814 4799.0000000000
820 4831.0000000000
854 4881.0000000000
1031 4904.0000000000
1154 4919.0000000000
1248 4927.0000000000
1274 4979.0000000000
1293 4987.0000000000
1420 5001.0000000000
1533 5010.0000000000
1751 5016.0000000000
1793 5017.0000000000
1855 5023.0000000000
1912 5044.0000000000
2129 5046.0000000000
3090 5050.0000000000
evaluations raw_y
1 2807.0000000000
4 2894.0000000000
5 2936.0000000000
16 3045.0000000000
20 3056.0000000000
45 3061.0000000000
48 3134.0000000000
66 3337.0000000000
107 3524.0000000000
163 3630.0000000000
186 3675.0000000000
220 3699.0000000000
227 3754.0000000000
239 4003.0000000000
274 4228.0000000000
400 4391.0000000000
427 4436.0000000000
468 4440.0000000000
508 4520.0000000000
536 4537.0000000000
563 4554.0000000000
609 4592.0000000000
638 4596.0000000000
643 4601.0000000000
646 4606.0000000000
657 4622.0000000000
696 4660.0000000000
769 4665.0000000000
786 4689.0000000000
804 4706.0000000000
878 4711.0000000000
895 4732.0000000000
907 4770.0000000000
938 4837.0000000000
1004 4871.0000000000
1105 4874.0000000000
1135 4891.0000000000
1137 4900.0000000000
1235 4912.0000000000
1305 4968.0000000000
1371 5015.0000000000
1969 5023.0000000000
1972 5038.0000000000
2144 5042.0000000000
2647 5050.0000000000
evaluations raw_y
1 2574.0000000000
4 2712.0000000000
9 2722.0000000000
10 2923.0000000000
20 2935.0000000000
30 3175.0000000000
43 3275.0000000000
65 3282.0000000000
90 3312.0000000000
107 3424.0000000000
108 3479.0000000000
122 3531.0000000000
164 3698.0000000000
204 3773.0000000000
238 3790.0000000000
239 3798.0000000000
245 3840.0000000000
251 3883.0000000000
254 3944.0000000000
288 4000.0000000000
290 4057.0000000000
300 4185.0000000000
333 4268.0000000000
401 4291.0000000000
422 4411.0000000000
502 4426.0000000000
509 4451.0000000000
531 4507.0000000000
555 4514.0000000000
560 4576.0000000000
609 4587.0000000000
663 4605.0000000000
682 4613.0000000000
689 4650.0000000000
691 4690.0000000000
759 4716.0000000000
810 4747.0000000000
832 4758.0000000000
877 4792.0000000000
1044 4794.0000000000
1085 4804.0000000000
1126 4806.0000000000
1150 4820.0000000000
1157 4821.0000000000
1166 4834.0000000000
1243 4882.0000000000
1265 4893.0000000000
1273 4900.0000000000
1276 4905.0000000000
1299 4921.0000000000
1306 4922.0000000000
1333 4971.0000000000
1368 5004.0000000000
1450 5012.0000000000
1606 5027.0000000000
1796 5034.0000000000
2109 5050.0000000000
evaluations raw_y
1 2145.0000000000
2 2400.0000000000
6 2882.0000000000
9 2969.0000000000
11 2988.0000000000
17 3120.0000000000
43 3385.0000000000
75 3548.0000000000
109 3658.0000000000
140 3775.0000000000
182 3873.0000000000
213 4062.0000000000
254 4201.0000000000
274 4413.0000000000
318 4527.0000000000
418 4537.0000000000
421 4603.0000000000
452 4649.0000000000
464 4691.0000000000
509 4696.0000000000
520 4721.0000000000
587 4728.0000000000
598 4744.0000000000
645 4748.0000000000
704 4762.0000000000
732 4769.0000000000
787 4775.0000000000
794 4815.0000000000
825 4870.0000000000
921 4898.0000000000
1201 4908.0000000000
1286 4928.0000000000
1422 4969.0000000000
1512 4986.0000000000
1652 4991.0000000000
1817 4994.0000000000
1828 5018.0000000000
2000 5032.0000000000
2052 5047.0000000000
2670 5050.0000000000
evaluations raw_y
1 2770.0000000000
2 3165.0000000000
56 3408.0000000000
68 3635.0000000000
131 3762.0000000000
172 3926.0000000000
215 4000.0000000000
274 4127.0000000000
319 4277.0000000000
339 4381.0000000000
380 4499.0000000000
467 4521.0000000000
473 4563.0000000000
531 4573.0000000000
534 4615.0000000000
589 4627.0000000000
593 4634.0000000000
607 4687.0000000000
648 4720.0000000000
679 4722.0000000000
720 4729.0000000000
762 4745.0000000000
814 4754.0000000000
842 4788.0000000000
859 4807.0000000000
909 4808.0000000000
936 4859.0000000000
945 4860.0000000000
962 4869.0000000000
964 4903.0000000000
991 4933.0000000000
1038 4948.0000000000
1054 4956.0000000000
1099 4957.0000000000
1192 4959.0000000000
1218 4968.0000000000
1260 4971.0000000000
1281 4981.0000000000
1303 4990.0000000000
1419 4993.0000000000
1766 5022.0000000000
2063 5043.0000000000
2589 5050.0000000000
evaluations raw_y
1 2389.0000000000
4 2798.0000000000
6 3090.0000000000
14 3148.0000000000
17 3421.0000000000
60 3655.0000000000
101 3669.0000000000
116 3741.0000000000
119 3978.0000000000
223 4185.0000000000
325 4257.0000000000
357 4270.0000000000
381 4283.0000000000
388 4350.0000000000
403 4441.0000000000
463 4480.0000000000
477 4509.0000000000
509 4572.0000000000
575 4583.0000000000
597 4591.0000000000
612 4612.0000000000
617 4634.0000000000
627 4670.0000000000
678 4701.0000000000
688 4717.0000000000
707 4731.0000000000
726 4768.0000000000
734 4786.0000000000
765 4790.0000000000
789 4833.0000000000
845 4849.0000000000
896 4856.0000000000
904 4872.0000000000
989 4900.0000000000
1149 4917.0000000000
1194 4979.0000000000
1305 4999.0000000000
1381 5008.0000000000
1626 5009.0000000000
1652 5011.0000000000
1661 5012.0000000000
1690 5016.0000000000
2250 5021.0000000000
2468 5023.0000000000
2517 5029.0000000000
2572 5031.0000000000
2601 5048.0000000000
2616 5050.0000000000
evaluations raw_y
1 2446.0000000000
5 2492.0000000000
6 2671.0000000000
12 2680.0000000000
13 2761.0000000000
15 2937.0000000000
16 3033.0000000000
18 3171.0000000000
32 3277.0000000000
88 3377.0000000000
110 3386.0000000000
139 3400.0000000000
181 3533.0000000000
183 3674.0000000000
190 3707.0000000000
212 4008.0000000000
268 4078.0000000000
295 4188.0000000000
341 4254.0000000000
398 4384.0000000000
404 4397.0000000000
468 4414.0000000000
487 4420.0000000000
506 4497.0000000000
571 4504.0000000000
627 4524.0000000000
640 4546.0000000000
641 4562.0000000000
663 4566.0000000000
690 4572.0000000000
691 4573.0000000000
714 4608.0000000000
741 4631.0000000000
748 4638.0000000000
770 4677.0000000000
792 4692.0000000000
826 4703.0000000000
835 4719.0000000000
975 4749.0000000000
990 4791.0000000000
1054 4849.0000000000
1273 4870.0000000000
1328 4884.0000000000
1378 4899.0000000000
1381 4913.0000000000
1397 4925.0000000000
1481 4930.0000000000
1514 4932.0000000000
1523 4978.0000000000
1698 4988.0000000000
1860 4989.0000000000
1887 4999.0000000000
2294 5028.0000000000
3064 5050.0000000000
