evaluations raw_y
1 -1556.0000000000
2 -1517.0000000000
4 -1478.0000000000
11 -1439.0000000000
17 -1342.0000000000
22 -1303.0000000000
28 -1274.0000000000
37 -1245.0000000000
38 -1206.0000000000
53 -1167.0000000000
54 -1128.0000000000
75 -1089.0000000000
79 -1050.0000000000
86 -1011.0000000000
93 -933.0000000000
97 -904.0000000000
99 -865.0000000000
105 -826.0000000000
108 -758.0000000000
116 -719.0000000000
129 -680.0000000000
146 -602.0000000000
165 -573.0000000000
184 -534.0000000000
187 -505.0000000000
192 -476.0000000000
194 -437.0000000000
195 -398.0000000000
200 -359.0000000000
203 -330.0000000000
207 -311.0000000000
221 -292.0000000000
236 -273.0000000000
244 -244.0000000000
266 -215.0000000000
279 -196.0000000000
282 -167.0000000000
303 -147.0000000000
305 -118.0000000000
327 -109.0000000000
357 -90.0000000000
369 -71.0000000000
481 -62.0000000000
528 -24.0000000000
562 -5.0000000000
627 -4.0000000000
637 5.0000000000
740 7.0000000000
893 8.0000000000
100000 8.0000000000
evaluations raw_y
1 8.0000000000
100000 8.0000000000
evaluations raw_y
1 8.0000000000
100000 -11.0000000000
evaluations raw_y
1 8.0000000000
100000 8.0000000000
evaluations raw_y
1 8.0000000000
100000 -11.0000000000
evaluations raw_y
1 8.0000000000
100000 8.0000000000
evaluations raw_y
1 -11.0000000000
17 -2.0000000000
76 7.0000000000
250 8.0000000000
100000 8.0000000000
evaluations raw_y
1 -11.0000000000
7 -2.0000000000
15 7.0000000000
314 8.0000000000
358 9.0000000000
100000 -10.0000000000
evaluations raw_y
1 9.0000000000
100000 9.0000000000
evaluations raw_y
1 -30.0000000000
33 -21.0000000000
67 -20.0000000000
123 -11.0000000000
156 -2.0000000000
283 7.0000000000
299 8.0000000000
100000 8.0000000000
evaluations raw_y
1 -1644.0000000000
6 -1605.0000000000
14 -1566.0000000000
111 -1527.0000000000
115 -1488.0000000000
128 -1410.0000000000
170 -1342.0000000000
172 -1303.0000000000
175 -1264.0000000000
261 -1254.0000000000
267 -1176.0000000000
268 -1137.0000000000
271 -1098.0000000000
302 -1078.0000000000
304 -1039.0000000000
313 -1000.0000000000
634 -972.0000000000
636 -962.0000000000
4648 -914.0000000000
13329 -894.0000000000
24814 -855.0000000000
24826 -845.0000000000
37384 -815.0000000000
61169 -806.0000000000
100000 -1585.0000000000
evaluations raw_y
1 -1585.0000000000
13 -1546.0000000000
25 -1517.0000000000
27 -1478.0000000000
32 -1400.0000000000
38 -1361.0000000000
57 -1351.0000000000
526 -1342.0000000000
532 -1303.0000000000
600 -1284.0000000000
678 -1245.0000000000
1018 -1215.0000000000
1026 -1147.0000000000
1181 -1128.0000000000
1223 -1109.0000000000
1467 -1098.0000000000
3703 -1079.0000000000
3965 -1069.0000000000
4979 -1059.0000000000
5191 -1030.0000000000
5279 -1011.0000000000
5286 -982.0000000000
5386 -981.0000000000
5387 -942.0000000000
5389 -903.0000000000
5392 -864.0000000000
5394 -796.0000000000
30951 -786.0000000000
30960 -747.0000000000
30976 -737.0000000000
73040 -719.0000000000
100000 -1205.0000000000
evaluations raw_y
1 -1244.0000000000
18 -1215.0000000000
35 -1157.0000000000
136 -1156.0000000000
143 -1117.0000000000
150 -1088.0000000000
323 -1059.0000000000
325 -1020.0000000000
328 -981.0000000000
379 -952.0000000000
382 -913.0000000000
391 -884.0000000000
392 -845.0000000000
6980 -835.0000000000
6989 -826.0000000000
6997 -816.0000000000
47331 -796.0000000000
47335 -757.0000000000
83563 -748.0000000000
100000 -1254.0000000000
evaluations raw_y
1 -1283.0000000000
145 -1245.0000000000
408 -1225.0000000000
419 -1186.0000000000
424 -1147.0000000000
442 -1137.0000000000
539 -1108.0000000000
717 -1098.0000000000
2957 -1070.0000000000
2970 -1060.0000000000
2990 -1050.0000000000
2991 -1021.0000000000
3005 -1011.0000000000
3006 -972.0000000000
3008 -933.0000000000
3011 -894.0000000000
3015 -855.0000000000
3019 -816.0000000000
31888 -797.0000000000
100000 -1663.0000000000
evaluations raw_y
1 -1702.0000000000
2 -1663.0000000000
4 -1624.0000000000
45 -1595.0000000000
47 -1556.0000000000
54 -1546.0000000000
62 -1507.0000000000
65 -1478.0000000000
68 -1439.0000000000
70 -1400.0000000000
119 -1371.0000000000
126 -1342.0000000000
130 -1332.0000000000
133 -1293.0000000000
158 -1264.0000000000
231 -1254.0000000000
239 -1215.0000000000
249 -1176.0000000000
816 -1157.0000000000
821 -1118.0000000000
849 -1089.0000000000
861 -1050.0000000000
873 -1040.0000000000
977 -1020.0000000000
994 -962.0000000000
6297 -942.0000000000
6299 -913.0000000000
6303 -903.0000000000
25166 -806.0000000000
25191 -787.0000000000
25207 -777.0000000000
25209 -738.0000000000
65500 -719.0000000000
65517 -690.0000000000
65519 -680.0000000000
65525 -670.0000000000
100000 -1283.0000000000
evaluations raw_y
1 -1283.0000000000
171 -1264.0000000000
172 -1225.0000000000
176 -1196.0000000000
197 -1157.0000000000
202 -1089.0000000000
230 -1070.0000000000
231 -1031.0000000000
317 -1030.0000000000
3303 -1021.0000000000
4556 -1001.0000000000
5631 -991.0000000000
8396 -973.0000000000
8408 -963.0000000000
8410 -934.0000000000
8412 -924.0000000000
8413 -895.0000000000
8420 -885.0000000000
20135 -884.0000000000
20144 -845.0000000000
20160 -816.0000000000
96134 -797.0000000000
100000 -1439.0000000000
evaluations raw_y
1 -1468.0000000000
2 -1429.0000000000
4 -1390.0000000000
7 -1351.0000000000
8 -1312.0000000000
10 -1273.0000000000
11 -1234.0000000000
14 -1195.0000000000
344 -1186.0000000000
1082 -1157.0000000000
1470 -1137.0000000000
1487 -1108.0000000000
1488 -1069.0000000000
2641 -1050.0000000000
2642 -1011.0000000000
2643 -943.0000000000
2645 -914.0000000000
2647 -904.0000000000
2678 -903.0000000000
5620 -894.0000000000
13346 -884.0000000000
26781 -836.0000000000
26782 -797.0000000000
77425 -738.0000000000
77443 -728.0000000000
100000 -1595.0000000000
evaluations raw_y
1 -1634.0000000000
6 -1605.0000000000
9 -1595.0000000000
18 -1566.0000000000
20 -1498.0000000000
33 -1469.0000000000
130 -1459.0000000000
132 -1420.0000000000
134 -1391.0000000000
136 -1352.0000000000
219 -1313.0000000000
350 -1294.0000000000
452 -1274.0000000000
460 -1235.0000000000
461 -1196.0000000000
463 -1186.0000000000
556 -1176.0000000000
559 -1147.0000000000
560 -1108.0000000000
579 -1099.0000000000
583 -1060.0000000000
589 -1002.0000000000
593 -963.0000000000
598 -953.0000000000
1192 -933.0000000000
1199 -894.0000000000
5511 -884.0000000000
5512 -845.0000000000
5520 -806.0000000000
13812 -778.0000000000
13813 -739.0000000000
13818 -710.0000000000
13824 -709.0000000000
49051 -690.0000000000
49062 -661.0000000000
78234 -642.0000000000
78235 -603.0000000000
78236 -564.0000000000
100000 -1371.0000000000
evaluations raw_y
1 -1371.0000000000
44 -1332.0000000000
45 -1293.0000000000
50 -1254.0000000000
65 -1215.0000000000
348 -1196.0000000000
351 -1157.0000000000
352 -1118.0000000000
1143 -1117.0000000000
1151 -1088.0000000000
1157 -1069.0000000000
1158 -1030.0000000000
1276 -1001.0000000000
1284 -952.0000000000
3159 -914.0000000000
3161 -875.0000000000
10682 -865.0000000000
10683 -836.0000000000
15404 -835.0000000000
15409 -796.0000000000
15418 -718.0000000000
15420 -689.0000000000
100000 -1380.0000000000
evaluations raw_y
1 -1380.0000000000
13 -1341.0000000000
16 -1331.0000000000
33 -1312.0000000000
35 -1273.0000000000
37 -1234.0000000000
49 -1176.0000000000
52 -1147.0000000000
668 -1138.0000000000
670 -1099.0000000000
673 -1060.0000000000
685 -1050.0000000000
691 -1011.0000000000
697 -972.0000000000
2344 -953.0000000000
5963 -942.0000000000
5966 -864.0000000000
5985 -855.0000000000
5993 -826.0000000000
5998 -797.0000000000
5999 -768.0000000000
6018 -738.0000000000
81888 -719.0000000000
81890 -680.0000000000
81897 -641.0000000000
100000 -1410.0000000000
evaluations raw_y
1 -1585.0000000000
2 -1283.0000000000
3 -1108.0000000000
9 -894.0000000000
20 -864.0000000000
26 -777.0000000000
31 -680.0000000000
48 -641.0000000000
54 -602.0000000000
63 -573.0000000000
70 -563.0000000000
74 -554.0000000000
78 -544.0000000000
83 -515.0000000000
91 -486.0000000000
112 -457.0000000000
120 -418.0000000000
128 -379.0000000000
153 -369.0000000000
163 -350.0000000000
169 -321.0000000000
171 -311.0000000000
223 -282.0000000000
231 -253.0000000000
237 -224.0000000000
242 -214.0000000000
254 -185.0000000000
279 -166.0000000000
299 -127.0000000000
327 -118.0000000000
332 -108.0000000000
340 -99.0000000000
378 -80.0000000000
390 -79.0000000000
395 -41.0000000000
408 -40.0000000000
432 -31.0000000000
599 -22.0000000000
622 -13.0000000000
649 -12.0000000000
706 -3.0000000000
928 6.0000000000
942 7.0000000000
1017 8.0000000000
100000 8.0000000000
evaluations raw_y
1 -11.0000000000
2 7.0000000000
4 8.0000000000
100000 -50.0000000000
evaluations raw_y
1 8.0000000000
100000 8.0000000000
evaluations raw_y
1 8.0000000000
100000 8.0000000000
evaluations raw_y
1 8.0000000000
100000 -40.0000000000
evaluations raw_y
1 8.0000000000
100000 8.0000000000
evaluations raw_y
1 -11.0000000000
2 8.0000000000
100000 8.0000000000
evaluations raw_y
1 8.0000000000
100000 -21.0000000000
evaluations raw_y
1 -11.0000000000
3 8.0000000000
100000 8.0000000000
evaluations raw_y
1 8.0000000000
100000 8.0000000000
evaluations raw_y
1 -1527.0000000000
4 -1166.0000000000
2012 -1147.0000000000
2279 -1089.0000000000
2304 -1050.0000000000
2366 -1001.0000000000
21747 -973.0000000000
21762 -953.0000000000
21770 -856.0000000000
22703 -845.0000000000
23343 -807.0000000000
82811 -797.0000000000
100000 -1040.0000000000
evaluations raw_y
1 -1166.0000000000
2 -1020.0000000000
13 -981.0000000000
20 -952.0000000000
5376 -942.0000000000
29231 -904.0000000000
29329 -903.0000000000
29352 -845.0000000000
62348 -836.0000000000
63021 -709.0000000000
100000 -1390.0000000000
evaluations raw_y
1 -1390.0000000000
2 -1312.0000000000
4 -1283.0000000000
18 -1244.0000000000
21 -1234.0000000000
54 -1224.0000000000
58 -1166.0000000000
119 -1059.0000000000
345 -1030.0000000000
360 -991.0000000000
392 -962.0000000000
397 -942.0000000000
755 -923.0000000000
784 -894.0000000000
799 -855.0000000000
3365 -845.0000000000
21706 -816.0000000000
21744 -787.0000000000
21771 -738.0000000000
92768 -700.0000000000
100000 -1361.0000000000
evaluations raw_y
1 -1449.0000000000
3 -1371.0000000000
4 -1254.0000000000
13 -1215.0000000000
31 -1206.0000000000
59 -1196.0000000000
499 -1157.0000000000
605 -1089.0000000000
669 -1060.0000000000
689 -1050.0000000000
692 -1040.0000000000
1512 -1001.0000000000
1527 -982.0000000000
1593 -943.0000000000
12308 -923.0000000000
17680 -903.0000000000
17688 -825.0000000000
17861 -796.0000000000
77006 -708.0000000000
100000 -1576.0000000000
evaluations raw_y
1 -1498.0000000000
4 -1459.0000000000
12 -1420.0000000000
17 -1371.0000000000
66 -1352.0000000000
119 -1303.0000000000
360 -1284.0000000000
370 -1264.0000000000
429 -1225.0000000000
447 -1186.0000000000
1167 -1118.0000000000
1215 -1098.0000000000
1318 -1079.0000000000
1328 -1040.0000000000
2572 -1011.0000000000
3126 -972.0000000000
3157 -943.0000000000
3161 -904.0000000000
5777 -846.0000000000
56369 -845.0000000000
56413 -796.0000000000
100000 -1693.0000000000
evaluations raw_y
1 -1576.0000000000
10 -1547.0000000000
14 -1440.0000000000
143 -1430.0000000000
1822 -1410.0000000000
1970 -1371.0000000000
2012 -1361.0000000000
2018 -1322.0000000000
2049 -1254.0000000000
2209 -1225.0000000000
2307 -1186.0000000000
2617 -1147.0000000000
6242 -1118.0000000000
7570 -1078.0000000000
7571 -1059.0000000000
7624 -1049.0000000000
7671 -1010.0000000000
7853 -991.0000000000
7863 -971.0000000000
7899 -913.0000000000
8020 -884.0000000000
8024 -835.0000000000
9479 -825.0000000000
100000 -1303.0000000000
evaluations raw_y
1 -1147.0000000000
101 -1108.0000000000
141 -1098.0000000000
442 -1069.0000000000
5704 -1049.0000000000
5798 -1020.0000000000
5804 -991.0000000000
5807 -981.0000000000
17892 -884.0000000000
18206 -855.0000000000
19308 -845.0000000000
19311 -816.0000000000
19474 -787.0000000000
19519 -748.0000000000
19556 -738.0000000000
100000 -1284.0000000000
evaluations raw_y
1 -1323.0000000000
9 -1264.0000000000
12 -1245.0000000000
21 -1206.0000000000
185 -1186.0000000000
219 -1167.0000000000
386 -1157.0000000000
1850 -1127.0000000000
1853 -1098.0000000000
1914 -1089.0000000000
2341 -1079.0000000000
2433 -1050.0000000000
3037 -1002.0000000000
5493 -982.0000000000
17701 -913.0000000000
18152 -894.0000000000
18157 -884.0000000000
19342 -855.0000000000
19794 -816.0000000000
19832 -777.0000000000
19837 -738.0000000000
66861 -700.0000000000
100000 -1322.0000000000
evaluations raw_y
1 -1322.0000000000
2 -1283.0000000000
8 -1244.0000000000
14 -1205.0000000000
17 -1176.0000000000
107 -1166.0000000000
173 -1137.0000000000
315 -1117.0000000000
984 -1098.0000000000
1197 -1088.0000000000
1209 -1078.0000000000
1318 -1068.0000000000
1328 -971.0000000000
5607 -932.0000000000
5842 -913.0000000000
5846 -904.0000000000
5931 -748.0000000000
52986 -729.0000000000
100000 -1118.0000000000
evaluations raw_y
1 -1206.0000000000
3 -1196.0000000000
4 -1118.0000000000
1337 -1069.0000000000
2042 -1030.0000000000
2986 -1011.0000000000
3688 -933.0000000000
27120 -914.0000000000
28093 -904.0000000000
28154 -875.0000000000
28460 -836.0000000000
29466 -826.0000000000
32640 -816.0000000000
38393 -747.0000000000
38738 -737.0000000000
100000 -1323.0000000000
evaluations raw_y
1 -1566.0000000000
2 -1517.0000000000
4 -1468.0000000000
5 -1400.0000000000
6 -1176.0000000000
8 -1167.0000000000
40 -1069.0000000000
41 -1040.0000000000
49 -953.0000000000
55 -826.0000000000
88 -709.0000000000
173 -661.0000000000
181 -631.0000000000
203 -603.0000000000
206 -515.0000000000
235 -466.0000000000
262 -456.0000000000
281 -447.0000000000
321 -408.0000000000
326 -399.0000000000
351 -330.0000000000
418 -282.0000000000
424 -263.0000000000
476 -214.0000000000
507 -195.0000000000
536 -175.0000000000
600 -156.0000000000
607 -138.0000000000
628 -137.0000000000
651 -108.0000000000
694 -98.0000000000
732 -80.0000000000
750 -79.0000000000
767 -71.0000000000
800 -61.0000000000
834 -60.0000000000
857 -32.0000000000
893 -23.0000000000
973 -14.0000000000
1002 -5.0000000000
1103 -4.0000000000
1159 4.0000000000
1181 5.0000000000
1305 6.0000000000
1391 7.0000000000
1452 8.0000000000
1523 9.0000000000
100000 9.0000000000
evaluations raw_y
1 9.0000000000
100000 9.0000000000
evaluations raw_y
1 9.0000000000
100000 -21.0000000000
evaluations raw_y
1 -20.0000000000
2 9.0000000000
100000 -30.0000000000
evaluations raw_y
1 9.0000000000
100000 9.0000000000
evaluations raw_y
1 9.0000000000
100000 -20.0000000000
evaluations raw_y
1 9.0000000000
100000 9.0000000000
evaluations raw_y
1 9.0000000000
100000 -20.0000000000
evaluations raw_y
1 9.0000000000
100000 9.0000000000
evaluations raw_y
1 9.0000000000
100000 9.0000000000
evaluations raw_y
1 -1517.0000000000
2 -1391.0000000000
3 -1206.0000000000
7 -1050.0000000000
44 -992.0000000000
45 -972.0000000000
53 -963.0000000000
104 -933.0000000000
382 -923.0000000000
553 -855.0000000000
615 -787.0000000000
2394 -631.0000000000
100000 -1157.0000000000
evaluations raw_y
1 -1245.0000000000
2 -1157.0000000000
8 -1050.0000000000
35 -1040.0000000000
69 -1021.0000000000
90 -972.0000000000
97 -943.0000000000
162 -904.0000000000
452 -894.0000000000
1987 -856.0000000000
2407 -855.0000000000
2881 -836.0000000000
2928 -835.0000000000
2951 -826.0000000000
3429 -758.0000000000
100000 -1615.0000000000
evaluations raw_y
1 -1595.0000000000
2 -1498.0000000000
3 -1342.0000000000
6 -1225.0000000000
17 -1206.0000000000
128 -1118.0000000000
177 -1069.0000000000
860 -1040.0000000000
2840 -991.0000000000
3533 -981.0000000000
4109 -923.0000000000
4631 -904.0000000000
5802 -874.0000000000
23167 -845.0000000000
31874 -815.0000000000
35665 -805.0000000000
37395 -796.0000000000
37553 -748.0000000000
100000 -1215.0000000000
evaluations raw_y
1 -1166.0000000000
8 -1137.0000000000
17 -1098.0000000000
73 -1088.0000000000
168 -1059.0000000000
189 -1049.0000000000
501 -1020.0000000000
1086 -1000.0000000000
1132 -981.0000000000
1168 -942.0000000000
1219 -874.0000000000
100000 -1537.0000000000
evaluations raw_y
1 -1430.0000000000
2 -1313.0000000000
4 -1177.0000000000
21 -1167.0000000000
30 -1157.0000000000
50 -1147.0000000000
74 -1089.0000000000
155 -1079.0000000000
259 -1030.0000000000
415 -1021.0000000000
950 -1011.0000000000
1396 -982.0000000000
3108 -943.0000000000
6153 -934.0000000000
24832 -894.0000000000
31935 -874.0000000000
100000 -1566.0000000000
evaluations raw_y
1 -1683.0000000000
2 -1401.0000000000
57 -1381.0000000000
228 -1342.0000000000
437 -1274.0000000000
916 -1264.0000000000
2753 -1254.0000000000
9881 -1225.0000000000
10171 -1196.0000000000
14325 -1138.0000000000
16079 -1128.0000000000
16802 -1118.0000000000
23361 -1099.0000000000
25180 -1021.0000000000
25399 -1011.0000000000
34375 -1001.0000000000
34785 -923.0000000000
51170 -885.0000000000
51562 -875.0000000000
100000 -1536.0000000000
evaluations raw_y
1 -1302.0000000000
13 -1234.0000000000
42 -1185.0000000000
58 -1156.0000000000
669 -1127.0000000000
730 -1078.0000000000
1348 -1020.0000000000
5271 -943.0000000000
12138 -942.0000000000
26569 -923.0000000000
26822 -903.0000000000
32735 -894.0000000000
32739 -874.0000000000
33228 -845.0000000000
34157 -748.0000000000
100000 -1254.0000000000
evaluations raw_y
1 -1206.0000000000
9 -1079.0000000000
10 -1069.0000000000
124 -1050.0000000000
297 -933.0000000000
1134 -894.0000000000
5936 -884.0000000000
11634 -875.0000000000
16956 -874.0000000000
100000 -1663.0000000000
evaluations raw_y
1 -1488.0000000000
7 -1478.0000000000
8 -1449.0000000000
12 -1410.0000000000
25 -1400.0000000000
33 -1361.0000000000
75 -1322.0000000000
186 -1254.0000000000
241 -1176.0000000000
376 -1157.0000000000
7206 -1118.0000000000
16785 -1098.0000000000
21032 -1089.0000000000
27164 -1088.0000000000
27309 -1049.0000000000
33053 -1001.0000000000
34556 -972.0000000000
36011 -962.0000000000
36462 -923.0000000000
37076 -845.0000000000
100000 -1332.0000000000
evaluations raw_y
1 -1380.0000000000
2 -1351.0000000000
3 -1224.0000000000
24 -1195.0000000000
38 -1176.0000000000
40 -1127.0000000000
142 -1117.0000000000
145 -1107.0000000000
189 -1059.0000000000
324 -1039.0000000000
344 -1001.0000000000
1044 -971.0000000000
1934 -962.0000000000
2313 -942.0000000000
2488 -933.0000000000
2888 -913.0000000000
3510 -875.0000000000
6193 -826.0000000000
20486 -816.0000000000
31014 -807.0000000000
33460 -759.0000000000
100000 -1128.0000000000
