evaluations raw_y
1 -0.5087053499
2 -0.5027338765
8 -0.4979223451
17 -0.4908919664
20 -0.4843585633
22 -0.4798355109
26 -0.4772197767
32 -0.4737794875
35 -0.4707318226
53 -0.4635113761
55 -0.4621175233
56 -0.4582539155
59 -0.4561671847
78 -0.4544562892
86 -0.4464598563
109 -0.4399453499
128 -0.4380693114
142 -0.4362451712
149 -0.4333119285
155 -0.4295998819
165 -0.4287373709
169 -0.4285700436
176 -0.4230247143
180 -0.4229753276
181 -0.4195479953
213 -0.4190771680
219 -0.4152776967
232 -0.4142766564
239 -0.4124525162
275 -0.4074385573
278 -0.4044596285
285 -0.4005123212
291 -0.3943476594
293 -0.3939997024
332 -0.3939913173
347 -0.3873010029
357 -0.3824217482
362 -0.3806187957
364 -0.3800489118
371 -0.3786901234
385 -0.3778670236
401 -0.3725038741
415 -0.3662997154
419 -0.3628369567
429 -0.3618359163
448 -0.3546564320
478 -0.3522961018
499 -0.3485320089
509 -0.3459699337
555 -0.3411250790
610 -0.3398008753
626 -0.3393207553
682 -0.3308067329
788 -0.3251743872
861 -0.3249577526
889 -0.3245010934
934 -0.3241770551
958 -0.3229365215
1110 -0.3221742237
1122 -0.3219080838
1151 -0.3211670664
1390 -0.3188029791
1444 -0.3161488491
2047 -0.3155322668
24989 -0.3108830351
29710 -0.3079347779
57750 -0.3073764213
57830 -0.3073083545
57848 -0.3019491587
57910 -0.3011473177
58201 -0.2993443653
100000 -0.3031639227
evaluations raw_y
1 -0.5554181074
6 -0.5428555308
7 -0.5413861308
9 -0.5254137890
11 -0.5193170421
14 -0.5146908473
15 -0.5108272395
18 -0.5030144216
21 -0.5014834452
28 -0.4856215855
37 -0.4806900869
44 -0.4772105324
50 -0.4728663119
55 -0.4723822692
62 -0.4656831244
63 -0.4601377951
71 -0.4600884083
83 -0.4597822815
86 -0.4517858485
88 -0.4478940243
99 -0.4431206368
112 -0.4416466422
114 -0.4381691508
139 -0.4360271692
141 -0.4354572853
146 -0.4348802524
178 -0.4272984535
189 -0.4185540952
195 -0.4126485067
198 -0.4096300297
208 -0.4094231201
228 -0.4059603615
235 -0.4012065706
240 -0.3955085315
245 -0.3906661587
342 -0.3825439532
365 -0.3786592726
380 -0.3684821580
387 -0.3665771705
436 -0.3647742181
448 -0.3594653422
465 -0.3569466086
482 -0.3543845334
534 -0.3531439998
546 -0.3482991451
566 -0.3430554565
579 -0.3396545675
582 -0.3363556372
585 -0.3343944967
594 -0.3333934563
630 -0.3330516272
647 -0.3327275889
651 -0.3273683932
654 -0.3225568617
656 -0.3209029290
658 -0.3198939171
663 -0.3190920761
676 -0.3167279888
699 -0.3140738588
748 -0.3128814286
1030 -0.3122648464
1071 -0.3115025486
1197 -0.3069886610
1216 -0.3051857086
1241 -0.3051773234
1402 -0.3039470333
4883 -0.3004693050
11429 -0.2958200732
100000 -0.2970125034
evaluations raw_y
1 -0.5228320471
10 -0.5104738383
19 -0.5038285130
20 -0.5030662153
22 -0.4950868798
23 -0.4826518353
25 -0.4737726409
27 -0.4717096080
34 -0.4691604216
35 -0.4676388832
40 -0.4673553059
44 -0.4652685751
45 -0.4555553181
46 -0.4516592920
48 -0.4474510675
59 -0.4464500271
60 -0.4367355177
62 -0.4359336767
74 -0.4345538836
75 -0.4336913726
93 -0.4287598741
97 -0.4225557153
112 -0.4169169485
119 -0.4105393052
126 -0.4071120206
129 -0.4068458807
148 -0.3948682756
155 -0.3939402807
157 -0.3935761622
164 -0.3913710478
167 -0.3891101138
185 -0.3845962262
212 -0.3822336053
225 -0.3796839001
227 -0.3789878493
247 -0.3722975349
257 -0.3722142050
262 -0.3678118888
269 -0.3673721596
313 -0.3672048323
314 -0.3622508437
315 -0.3572626472
321 -0.3475422104
337 -0.3463497803
339 -0.3383272337
350 -0.3374989221
632 -0.3366563732
641 -0.3297177258
682 -0.3281961874
717 -0.3268719837
800 -0.3235466263
858 -0.3230665063
878 -0.3215512459
1415 -0.3209346637
1495 -0.3186269132
25087 -0.3147488407
28283 -0.3139629184
32568 -0.3112685743
40788 -0.3094298894
41908 -0.3064816323
67332 -0.3063638247
69532 -0.3057349349
73469 -0.3022106429
100000 -0.3022106429
evaluations raw_y
1 -0.4582640491
50 -0.4529048534
62 -0.4482107143
69 -0.4436299829
75 -0.4331413008
77 -0.4231115845
105 -0.4151151516
111 -0.4051875981
120 -0.3989834394
122 -0.3926953871
134 -0.3919330893
152 -0.3881135320
192 -0.3848084256
193 -0.3750879888
203 -0.3668090741
244 -0.3633687849
256 -0.3574604773
263 -0.3543677701
267 -0.3517043946
273 -0.3476513135
291 -0.3464588834
304 -0.3446875044
352 -0.3439464870
356 -0.3416885571
365 -0.3408867161
369 -0.3348411865
383 -0.3342713025
386 -0.3324002833
401 -0.3305973308
531 -0.3220833084
586 -0.3211553135
631 -0.3176925548
862 -0.3098797370
932 -0.3098713518
970 -0.3077293702
1180 -0.3071127879
88382 -0.3055241865
88538 -0.3053977811
88705 -0.3000781452
100000 -0.3000781452
evaluations raw_y
1 -0.5185472844
7 -0.5060548400
12 -0.5052106284
17 -0.5012600099
19 -0.4974802629
22 -0.4951199327
28 -0.4943418411
44 -0.4902765762
51 -0.4847312469
58 -0.4797779844
60 -0.4761083877
65 -0.4734039377
66 -0.4704706950
73 -0.4628888961
76 -0.4522259044
86 -0.4498844490
88 -0.4463111026
89 -0.4440531727
95 -0.4399540529
104 -0.4342591338
125 -0.4240223413
128 -0.4137874548
136 -0.4095792304
145 -0.4045528924
159 -0.4039186478
163 -0.3985554984
167 -0.3939293036
182 -0.3877646419
187 -0.3864063285
190 -0.3840310654
198 -0.3818259510
206 -0.3788815783
207 -0.3769122371
215 -0.3767624462
251 -0.3754909379
254 -0.3706794065
267 -0.3672019151
283 -0.3645613892
334 -0.3596074006
468 -0.3533193484
494 -0.3460368659
528 -0.3445153275
541 -0.3431911238
570 -0.3431340610
688 -0.3418988862
718 -0.3396937718
744 -0.3311020115
773 -0.3244116971
785 -0.3239315771
936 -0.3206062197
994 -0.3182458895
1037 -0.3175923244
1075 -0.3168962736
1135 -0.3161552562
1183 -0.3135011262
10463 -0.3108067821
17239 -0.3078585250
22812 -0.3072491420
22966 -0.3054461896
22999 -0.3046796491
23125 -0.2997481505
26936 -0.2982328902
35850 -0.2947551619
48653 -0.2941262721
56158 -0.2928002742
100000 -0.3026078847
evaluations raw_y
1 -0.5061144847
6 -0.4981351492
13 -0.4943388719
20 -0.4881013793
24 -0.4803938141
27 -0.4763407330
36 -0.4657787620
38 -0.4618700975
39 -0.4569161089
50 -0.4566044340
67 -0.4503163817
83 -0.4472687167
86 -0.4390193366
94 -0.4367525704
96 -0.4286592843
107 -0.4248937424
137 -0.4219148135
154 -0.4107690246
162 -0.4042356215
168 -0.3928497526
180 -0.3925257144
185 -0.3881605287
205 -0.3868997326
208 -0.3855199396
254 -0.3832620097
278 -0.3695106005
301 -0.3687325089
397 -0.3684078616
410 -0.3676455638
411 -0.3652829430
420 -0.3640156820
424 -0.3636738529
432 -0.3626648411
455 -0.3596718594
592 -0.3564216385
677 -0.3522269138
780 -0.3509966236
897 -0.3475030427
957 -0.3413383810
973 -0.3401080908
1138 -0.3378003404
1147 -0.3315961817
1196 -0.3307943407
1497 -0.3294701369
1769 -0.3289900169
2031 -0.3256646595
10151 -0.3247477236
10760 -0.3245408141
11079 -0.3206561335
12173 -0.3171318414
41624 -0.3165029516
43264 -0.3151769537
100000 -0.3151769537
evaluations raw_y
1 -0.5129817235
5 -0.5062833603
15 -0.5019025018
22 -0.4999946618
28 -0.4953852469
37 -0.4875475841
39 -0.4827027294
47 -0.4819008884
50 -0.4779922239
54 -0.4672295588
55 -0.4653219017
58 -0.4635994711
62 -0.4628213795
83 -0.4613473850
89 -0.4609465709
102 -0.4588835380
107 -0.4481407621
112 -0.4466192237
114 -0.4443397753
121 -0.4419794451
124 -0.4339568985
126 -0.4310776751
128 -0.4221018397
132 -0.4206599312
134 -0.4156717347
136 -0.4152570894
162 -0.4102458655
165 -0.4095498147
168 -0.4061095255
173 -0.4012221635
212 -0.4011651007
218 -0.3993621483
225 -0.3954985405
253 -0.3938163155
288 -0.3877751982
308 -0.3872950782
333 -0.3800452693
337 -0.3750228870
357 -0.3670435515
378 -0.3658030179
426 -0.3651864356
459 -0.3651695076
461 -0.3602155191
478 -0.3485000904
488 -0.3459116065
516 -0.3439422653
527 -0.3387228158
581 -0.3351445225
582 -0.3295991932
644 -0.3269450632
682 -0.3220135646
708 -0.3144925910
831 -0.3134915506
1025 -0.3086800191
1036 -0.3079390018
1183 -0.3077468204
4827 -0.3058543173
5173 -0.3050524763
7153 -0.3044235865
11261 -0.3043278788
11631 -0.3030975886
21943 -0.3023116662
38135 -0.3004729813
61777 -0.2982657416
62713 -0.2975247242
100000 -0.2975247242
evaluations raw_y
1 -0.5022648211
3 -0.4918826928
5 -0.4868714689
8 -0.4793667153
11 -0.4715525362
17 -0.4707247901
30 -0.4658112207
31 -0.4609996893
32 -0.4531868714
40 -0.4514759759
45 -0.4480356867
52 -0.4439826057
55 -0.4436709307
61 -0.4313093120
63 -0.4233299766
64 -0.4214589573
80 -0.4132095772
106 -0.4082555886
108 -0.4079894487
118 -0.4074195648
120 -0.4044406359
132 -0.4010133513
152 -0.3962399638
164 -0.3913084652
174 -0.3874237846
175 -0.3864147728
182 -0.3843020219
199 -0.3800956773
202 -0.3775071934
237 -0.3718122743
239 -0.3608601838
244 -0.3555374119
282 -0.3546136401
287 -0.3542896018
295 -0.3497452694
303 -0.3448444333
332 -0.3441483824
352 -0.3413339181
370 -0.3409347299
390 -0.3397044397
417 -0.3378800280
425 -0.3301932638
427 -0.3275391337
428 -0.3268855687
444 -0.3268292318
508 -0.3262126495
561 -0.3223930921
585 -0.3223647901
605 -0.3211723599
662 -0.3167155351
710 -0.3166584723
739 -0.3105634251
851 -0.3104546924
1024 -0.3094055342
1090 -0.3089254142
1249 -0.3076951240
1287 -0.3070415589
2288 -0.3064126691
9857 -0.3028883770
41894 -0.3019714412
41900 -0.3017645316
41974 -0.2978798510
58785 -0.2965538531
100000 -0.2965538531
evaluations raw_y
1 -0.5107577948
2 -0.5083951740
4 -0.5018699037
5 -0.5002094117
15 -0.4991628074
25 -0.4911596620
26 -0.4908535351
31 -0.4883458922
39 -0.4870850962
40 -0.4863440789
44 -0.4788231052
54 -0.4755728844
62 -0.4730233879
71 -0.4682765631
74 -0.4528909828
75 -0.4483957266
83 -0.4437963074
93 -0.4431429538
97 -0.4391956465
102 -0.4325053322
110 -0.4292472533
112 -0.4277162768
136 -0.4261510344
140 -0.4187222977
146 -0.4146692166
157 -0.4100697974
178 -0.4084486037
186 -0.4061408533
189 -0.4056111105
193 -0.4029532123
194 -0.3942794995
204 -0.3927579612
219 -0.3914373986
244 -0.3850217769
264 -0.3842436853
269 -0.3824015408
272 -0.3789240495
297 -0.3762699194
301 -0.3737207330
325 -0.3695382243
335 -0.3682976907
437 -0.3656661604
449 -0.3611516072
473 -0.3596206308
516 -0.3516412953
545 -0.3481785366
573 -0.3481701515
609 -0.3449120243
629 -0.3448227196
633 -0.3387588125
746 -0.3350373489
814 -0.3309842679
828 -0.3286201805
928 -0.3238086491
968 -0.3228076087
1055 -0.3213336141
1689 -0.3207170319
21208 -0.3192017716
23705 -0.3156052846
23714 -0.3110913970
45898 -0.3072133245
54084 -0.3036890324
100000 -0.3048814626
evaluations raw_y
1 -0.5327552071
3 -0.5222318492
4 -0.5156614474
18 -0.5144311572
22 -0.5051014295
31 -0.4955959411
32 -0.4943286801
39 -0.4894838255
41 -0.4855365182
42 -0.4819487447
47 -0.4818437045
48 -0.4768904420
50 -0.4535073494
51 -0.4515996923
55 -0.4465884684
57 -0.4455272733
64 -0.4402183973
68 -0.4361653162
72 -0.4344544208
74 -0.4336763292
88 -0.4333627807
149 -0.4276602966
157 -0.4263360928
166 -0.4198108226
200 -0.4142654933
201 -0.4092538657
204 -0.4068912449
214 -0.4055114518
215 -0.4004890695
219 -0.3964238046
254 -0.3867325101
255 -0.3819591226
265 -0.3812579180
284 -0.3732614851
285 -0.3637415342
290 -0.3559287164
318 -0.3524659577
321 -0.3482924379
335 -0.3476388728
345 -0.3467763618
347 -0.3445768987
371 -0.3430553603
373 -0.3420543199
433 -0.3394001899
453 -0.3389200699
468 -0.3313990962
495 -0.3301383002
519 -0.3239341415
570 -0.3229985472
713 -0.3194202539
752 -0.3091834614
757 -0.3011609148
22951 -0.2998349169
100000 -0.2998349169
