evaluations raw_y
1 2365.0000000000
4 2457.0000000000
8 2472.0000000000
15 2497.0000000000
24 2608.0000000000
27 2659.0000000000
31 2665.0000000000
35 2680.0000000000
38 2744.0000000000
40 2779.0000000000
42 2864.0000000000
56 2922.0000000000
60 3021.0000000000
67 3028.0000000000
74 3150.0000000000
82 3246.0000000000
86 3260.0000000000
100 3340.0000000000
111 3358.0000000000
112 3427.0000000000
117 3495.0000000000
123 3497.0000000000
128 3519.0000000000
131 3605.0000000000
148 3652.0000000000
149 3722.0000000000
167 3766.0000000000
171 3816.0000000000
184 3878.0000000000
207 3889.0000000000
221 3955.0000000000
235 4033.0000000000
259 4059.0000000000
285 4090.0000000000
293 4105.0000000000
314 4194.0000000000
344 4253.0000000000
355 4289.0000000000
356 4323.0000000000
398 4342.0000000000
412 4343.0000000000
416 4366.0000000000
422 4385.0000000000
425 4390.0000000000
455 4483.0000000000
456 4564.0000000000
460 4600.0000000000
472 4638.0000000000
475 4691.0000000000
515 4763.0000000000
530 4767.0000000000
558 4816.0000000000
563 4898.0000000000
575 4954.0000000000
579 5011.0000000000
679 5029.0000000000
1184 5050.0000000000
evaluations raw_y
1 5029.0000000000
289 5050.0000000000
evaluations raw_y
1 5029.0000000000
186 5050.0000000000
evaluations raw_y
1 4956.0000000000
319 5029.0000000000
475 5050.0000000000
evaluations raw_y
1 4996.0000000000
61 5006.0000000000
83 5027.0000000000
638 5050.0000000000
evaluations raw_y
1 4945.0000000000
224 5027.0000000000
370 5050.0000000000
evaluations raw_y
1 5027.0000000000
51 5050.0000000000
evaluations raw_y
1 5027.0000000000
593 5050.0000000000
evaluations raw_y
1 5027.0000000000
23 5050.0000000000
evaluations raw_y
1 5027.0000000000
256 5050.0000000000
evaluations raw_y
1 2299.0000000000
2 2456.0000000000
5 2479.0000000000
6 2494.0000000000
86 2552.0000000000
90 2624.0000000000
93 2704.0000000000
235 2751.0000000000
302 2756.0000000000
305 2810.0000000000
311 2895.0000000000
312 2961.0000000000
657 2971.0000000000
660 3055.0000000000
662 3129.0000000000
680 3132.0000000000
684 3156.0000000000
687 3190.0000000000
975 3194.0000000000
5820 3224.0000000000
5826 3256.0000000000
5831 3309.0000000000
5832 3352.0000000000
5839 3417.0000000000
5849 3418.0000000000
5850 3429.0000000000
5851 3491.0000000000
75169 3507.0000000000
75170 3527.0000000000
75178 3542.0000000000
75189 3563.0000000000
100000 2466.0000000000
evaluations raw_y
1 2448.0000000000
42 2564.0000000000
44 2609.0000000000
54 2627.0000000000
56 2662.0000000000
99 2671.0000000000
101 2739.0000000000
103 2760.0000000000
104 2888.0000000000
118 2906.0000000000
166 2954.0000000000
167 2996.0000000000
1592 3039.0000000000
1613 3087.0000000000
1615 3162.0000000000
1623 3218.0000000000
1624 3219.0000000000
1632 3276.0000000000
1636 3330.0000000000
1654 3383.0000000000
12538 3394.0000000000
12562 3467.0000000000
20126 3498.0000000000
41634 3517.0000000000
100000 2567.0000000000
evaluations raw_y
1 2567.0000000000
5 2663.0000000000
8 2664.0000000000
9 2723.0000000000
15 2793.0000000000
16 2826.0000000000
217 2847.0000000000
241 2882.0000000000
267 2896.0000000000
269 2963.0000000000
279 3047.0000000000
476 3063.0000000000
477 3107.0000000000
481 3123.0000000000
747 3174.0000000000
751 3177.0000000000
755 3201.0000000000
827 3283.0000000000
828 3445.0000000000
829 3471.0000000000
25295 3478.0000000000
25296 3529.0000000000
63191 3560.0000000000
63193 3684.0000000000
63195 3694.0000000000
63198 3746.0000000000
100000 2299.0000000000
evaluations raw_y
1 2299.0000000000
5 2304.0000000000
43 2403.0000000000
49 2471.0000000000
125 2479.0000000000
126 2624.0000000000
136 2666.0000000000
142 2733.0000000000
143 2761.0000000000
145 2805.0000000000
149 2934.0000000000
150 2972.0000000000
160 2997.0000000000
168 3003.0000000000
179 3012.0000000000
181 3067.0000000000
183 3136.0000000000
186 3138.0000000000
187 3165.0000000000
196 3203.0000000000
236 3243.0000000000
241 3259.0000000000
244 3275.0000000000
252 3321.0000000000
4906 3344.0000000000
4914 3384.0000000000
4916 3412.0000000000
5693 3495.0000000000
5699 3498.0000000000
24760 3536.0000000000
31651 3599.0000000000
100000 2578.0000000000
evaluations raw_y
1 2578.0000000000
2 2590.0000000000
6 2593.0000000000
11 2600.0000000000
17 2663.0000000000
23 2695.0000000000
27 2738.0000000000
28 2818.0000000000
30 2835.0000000000
416 2898.0000000000
1049 2925.0000000000
1090 2929.0000000000
1093 3047.0000000000
2189 3075.0000000000
3090 3079.0000000000
3097 3102.0000000000
3122 3113.0000000000
3155 3130.0000000000
6506 3152.0000000000
6507 3179.0000000000
6510 3186.0000000000
6814 3309.0000000000
6815 3329.0000000000
8662 3356.0000000000
8667 3377.0000000000
8668 3391.0000000000
21839 3438.0000000000
21844 3441.0000000000
21846 3485.0000000000
42646 3496.0000000000
42651 3556.0000000000
42652 3565.0000000000
100000 2189.0000000000
evaluations raw_y
1 2251.0000000000
13 2258.0000000000
19 2299.0000000000
22 2314.0000000000
26 2393.0000000000
27 2466.0000000000
37 2509.0000000000
38 2537.0000000000
91 2581.0000000000
322 2583.0000000000
326 2584.0000000000
366 2665.0000000000
385 2786.0000000000
386 2817.0000000000
393 2836.0000000000
514 2871.0000000000
540 2903.0000000000
582 2913.0000000000
718 2956.0000000000
720 3023.0000000000
965 3039.0000000000
971 3041.0000000000
3996 3126.0000000000
4539 3180.0000000000
16706 3195.0000000000
16707 3228.0000000000
16763 3271.0000000000
16782 3275.0000000000
16786 3428.0000000000
57877 3483.0000000000
57895 3521.0000000000
57974 3522.0000000000
57986 3535.0000000000
57992 3553.0000000000
58009 3574.0000000000
58012 3582.0000000000
58335 3585.0000000000
58366 3608.0000000000
100000 1935.0000000000
evaluations raw_y
1 1935.0000000000
9 1959.0000000000
11 1992.0000000000
15 2042.0000000000
19 2119.0000000000
23 2287.0000000000
29 2362.0000000000
30 2370.0000000000
32 2398.0000000000
34 2443.0000000000
63 2466.0000000000
66 2522.0000000000
67 2574.0000000000
73 2601.0000000000
75 2651.0000000000
579 2690.0000000000
581 2733.0000000000
674 2756.0000000000
675 2850.0000000000
697 2893.0000000000
698 2966.0000000000
702 2993.0000000000
708 3003.0000000000
714 3026.0000000000
715 3093.0000000000
740 3114.0000000000
749 3158.0000000000
761 3183.0000000000
7544 3188.0000000000
7573 3202.0000000000
7607 3231.0000000000
9137 3237.0000000000
9141 3242.0000000000
9671 3272.0000000000
9674 3276.0000000000
9681 3311.0000000000
9682 3378.0000000000
9713 3400.0000000000
9722 3426.0000000000
9748 3435.0000000000
9749 3444.0000000000
22958 3476.0000000000
22960 3558.0000000000
100000 2922.0000000000
evaluations raw_y
1 2922.0000000000
115 2930.0000000000
117 3022.0000000000
123 3028.0000000000
125 3060.0000000000
126 3093.0000000000
128 3150.0000000000
131 3182.0000000000
868 3221.0000000000
4607 3225.0000000000
4609 3270.0000000000
4610 3328.0000000000
7365 3431.0000000000
9049 3457.0000000000
46355 3462.0000000000
46357 3523.0000000000
46364 3558.0000000000
46371 3562.0000000000
46372 3579.0000000000
99369 3583.0000000000
99372 3629.0000000000
100000 2182.0000000000
evaluations raw_y
1 2182.0000000000
5 2205.0000000000
7 2262.0000000000
14 2302.0000000000
53 2382.0000000000
56 2437.0000000000
58 2471.0000000000
62 2523.0000000000
118 2572.0000000000
125 2587.0000000000
208 2599.0000000000
210 2602.0000000000
211 2693.0000000000
213 2793.0000000000
225 2812.0000000000
557 2866.0000000000
572 2905.0000000000
640 2915.0000000000
648 2975.0000000000
650 2986.0000000000
654 3025.0000000000
666 3038.0000000000
3709 3040.0000000000
3713 3064.0000000000
3714 3100.0000000000
3715 3158.0000000000
3720 3207.0000000000
4910 3257.0000000000
8076 3288.0000000000
8077 3298.0000000000
8080 3313.0000000000
8091 3384.0000000000
20901 3387.0000000000
20903 3466.0000000000
100000 2362.0000000000
evaluations raw_y
1 2362.0000000000
13 2406.0000000000
15 2530.0000000000
25 2581.0000000000
30 2596.0000000000
200 2649.0000000000
202 2743.0000000000
203 2826.0000000000
272 2832.0000000000
288 2880.0000000000
289 2971.0000000000
356 3003.0000000000
395 3074.0000000000
1240 3097.0000000000
1295 3107.0000000000
1301 3132.0000000000
1326 3162.0000000000
1327 3176.0000000000
3095 3216.0000000000
3097 3289.0000000000
3119 3290.0000000000
3146 3396.0000000000
3149 3456.0000000000
42555 3474.0000000000
42557 3505.0000000000
74919 3507.0000000000
76313 3521.0000000000
76325 3537.0000000000
100000 2527.0000000000
evaluations raw_y
1 2118.0000000000
2 2574.0000000000
5 2791.0000000000
12 2886.0000000000
15 3091.0000000000
24 3204.0000000000
39 3301.0000000000
40 3346.0000000000
49 3367.0000000000
54 3409.0000000000
56 3493.0000000000
70 3519.0000000000
81 3540.0000000000
97 3581.0000000000
102 3585.0000000000
103 3633.0000000000
115 3654.0000000000
140 3669.0000000000
146 3702.0000000000
150 3717.0000000000
157 3746.0000000000
159 3794.0000000000
171 3874.0000000000
176 3891.0000000000
183 3968.0000000000
200 4015.0000000000
220 4040.0000000000
222 4048.0000000000
243 4118.0000000000
247 4120.0000000000
272 4134.0000000000
280 4156.0000000000
286 4208.0000000000
293 4232.0000000000
298 4258.0000000000
306 4292.0000000000
315 4312.0000000000
321 4316.0000000000
334 4327.0000000000
340 4338.0000000000
350 4349.0000000000
394 4387.0000000000
400 4394.0000000000
402 4432.0000000000
444 4463.0000000000
491 4515.0000000000
512 4520.0000000000
513 4594.0000000000
580 4634.0000000000
589 4637.0000000000
645 4730.0000000000
694 4798.0000000000
711 4890.0000000000
741 4900.0000000000
816 4954.0000000000
940 5007.0000000000
1221 5023.0000000000
1268 5050.0000000000
evaluations raw_y
1 5023.0000000000
18 5040.0000000000
25 5050.0000000000
evaluations raw_y
1 4989.0000000000
3 5013.0000000000
5 5050.0000000000
evaluations raw_y
1 5040.0000000000
5 5050.0000000000
evaluations raw_y
1 5013.0000000000
2 5050.0000000000
evaluations raw_y
1 4985.0000000000
2 5023.0000000000
5 5032.0000000000
10 5040.0000000000
12 5050.0000000000
evaluations raw_y
1 4945.0000000000
2 5006.0000000000
3 5040.0000000000
10 5042.0000000000
12 5050.0000000000
evaluations raw_y
1 5017.0000000000
4 5040.0000000000
836 5050.0000000000
evaluations raw_y
1 5040.0000000000
52 5050.0000000000
evaluations raw_y
1 5040.0000000000
87 5050.0000000000
evaluations raw_y
1 2554.0000000000
4 2986.0000000000
1181 3107.0000000000
1286 3127.0000000000
1363 3305.0000000000
4436 3316.0000000000
10062 3326.0000000000
10076 3394.0000000000
69294 3402.0000000000
69303 3404.0000000000
69541 3483.0000000000
100000 2757.0000000000
evaluations raw_y
1 2775.0000000000
4 2874.0000000000
9 2890.0000000000
124 2913.0000000000
149 2933.0000000000
205 2996.0000000000
287 3039.0000000000
7187 3050.0000000000
7284 3100.0000000000
7349 3135.0000000000
11939 3177.0000000000
11957 3186.0000000000
17301 3286.0000000000
17490 3301.0000000000
17834 3305.0000000000
20725 3350.0000000000
20761 3442.0000000000
20867 3449.0000000000
66714 3537.0000000000
69850 3561.0000000000
69872 3578.0000000000
69905 3632.0000000000
100000 2425.0000000000
evaluations raw_y
1 2235.0000000000
2 2319.0000000000
3 2340.0000000000
8 2490.0000000000
259 2571.0000000000
336 2603.0000000000
374 2606.0000000000
376 2616.0000000000
377 2656.0000000000
387 2740.0000000000
473 2803.0000000000
1268 2869.0000000000
1287 2920.0000000000
1332 2929.0000000000
1354 2974.0000000000
1394 3021.0000000000
1445 3073.0000000000
1595 3155.0000000000
1633 3203.0000000000
2789 3225.0000000000
4542 3230.0000000000
4548 3327.0000000000
6126 3331.0000000000
46599 3397.0000000000
46630 3402.0000000000
49897 3446.0000000000
60808 3451.0000000000
60816 3461.0000000000
60839 3517.0000000000
60900 3539.0000000000
79159 3571.0000000000
79181 3574.0000000000
100000 2702.0000000000
evaluations raw_y
1 2775.0000000000
2 2788.0000000000
7 2794.0000000000
8 2800.0000000000
25 2802.0000000000
29 2892.0000000000
38 2905.0000000000
46 2908.0000000000
62 2915.0000000000
92 2944.0000000000
135 2982.0000000000
207 3023.0000000000
276 3077.0000000000
322 3080.0000000000
376 3109.0000000000
5182 3113.0000000000
13116 3138.0000000000
13189 3146.0000000000
13239 3182.0000000000
18880 3211.0000000000
19282 3275.0000000000
19849 3349.0000000000
20680 3361.0000000000
20704 3380.0000000000
37699 3413.0000000000
38247 3454.0000000000
100000 2551.0000000000
evaluations raw_y
1 2634.0000000000
2 2732.0000000000
115 2734.0000000000
122 2756.0000000000
147 2824.0000000000
184 2828.0000000000
249 2875.0000000000
263 2916.0000000000
405 2920.0000000000
3037 3004.0000000000
4990 3056.0000000000
13734 3099.0000000000
17915 3118.0000000000
18154 3155.0000000000
26804 3228.0000000000
26844 3276.0000000000
27588 3333.0000000000
69652 3351.0000000000
70202 3452.0000000000
70367 3558.0000000000
100000 2435.0000000000
evaluations raw_y
1 2260.0000000000
2 2275.0000000000
3 2557.0000000000
31 2582.0000000000
39 2683.0000000000
76 2698.0000000000
87 2699.0000000000
217 2729.0000000000
231 2762.0000000000
324 2815.0000000000
397 2856.0000000000
5857 2915.0000000000
5863 2939.0000000000
5908 3058.0000000000
6085 3105.0000000000
6098 3170.0000000000
6367 3239.0000000000
6401 3242.0000000000
7433 3297.0000000000
7980 3309.0000000000
8074 3398.0000000000
79766 3470.0000000000
80626 3502.0000000000
80715 3508.0000000000
80743 3544.0000000000
100000 2122.0000000000
evaluations raw_y
1 2018.0000000000
3 2057.0000000000
5 2233.0000000000
6 2333.0000000000
80 2341.0000000000
84 2349.0000000000
118 2372.0000000000
126 2466.0000000000
268 2513.0000000000
420 2555.0000000000
451 2572.0000000000
453 2623.0000000000
756 2631.0000000000
763 2701.0000000000
786 2807.0000000000
1103 2814.0000000000
1824 2870.0000000000
1850 2875.0000000000
1895 2881.0000000000
2011 2988.0000000000
2399 3007.0000000000
2479 3122.0000000000
2499 3124.0000000000
2504 3245.0000000000
19993 3276.0000000000
20313 3330.0000000000
20321 3369.0000000000
21712 3494.0000000000
21715 3557.0000000000
21767 3585.0000000000
43693 3631.0000000000
100000 2289.0000000000
evaluations raw_y
1 2384.0000000000
2 2507.0000000000
5 2518.0000000000
35 2529.0000000000
47 2534.0000000000
57 2547.0000000000
60 2565.0000000000
96 2606.0000000000
108 2675.0000000000
117 2698.0000000000
189 2748.0000000000
192 2797.0000000000
202 2842.0000000000
209 2903.0000000000
2122 2906.0000000000
2211 2931.0000000000
2212 3017.0000000000
2327 3035.0000000000
2356 3052.0000000000
2640 3066.0000000000
2713 3080.0000000000
2738 3166.0000000000
3237 3198.0000000000
10744 3245.0000000000
19766 3265.0000000000
19776 3337.0000000000
31922 3347.0000000000
31953 3399.0000000000
32515 3445.0000000000
32533 3488.0000000000
32796 3501.0000000000
32844 3507.0000000000
61450 3541.0000000000
62377 3543.0000000000
62397 3553.0000000000
62403 3588.0000000000
62493 3606.0000000000
62500 3724.0000000000
100000 2285.0000000000
evaluations raw_y
1 2291.0000000000
2 2461.0000000000
20 2465.0000000000
30 2568.0000000000
32 2607.0000000000
36 2622.0000000000
756 2680.0000000000
1237 2728.0000000000
1271 2817.0000000000
1384 2840.0000000000
1387 2874.0000000000
1392 2933.0000000000
1418 2955.0000000000
1478 2957.0000000000
1541 2971.0000000000
1575 3060.0000000000
1583 3096.0000000000
1633 3202.0000000000
1650 3237.0000000000
9400 3258.0000000000
9423 3305.0000000000
9424 3324.0000000000
9434 3351.0000000000
9461 3384.0000000000
9653 3408.0000000000
10044 3411.0000000000
85857 3424.0000000000
85877 3470.0000000000
86130 3481.0000000000
86196 3500.0000000000
86348 3521.0000000000
86356 3553.0000000000
90696 3634.0000000000
100000 2785.0000000000
evaluations raw_y
1 2709.0000000000
4 2832.0000000000
52 2842.0000000000
252 2869.0000000000
272 2876.0000000000
274 2926.0000000000
276 2927.0000000000
299 2978.0000000000
355 2994.0000000000
383 3008.0000000000
389 3014.0000000000
391 3039.0000000000
394 3052.0000000000
436 3105.0000000000
443 3122.0000000000
467 3123.0000000000
486 3161.0000000000
491 3237.0000000000
530 3243.0000000000
563 3272.0000000000
750 3379.0000000000
786 3503.0000000000
2786 3542.0000000000
94891 3575.0000000000
95633 3657.0000000000
100000 2619.0000000000
evaluations raw_y
1 2777.0000000000
3 3018.0000000000
27 3075.0000000000
42 3156.0000000000
61 3337.0000000000
73 3404.0000000000
81 3453.0000000000
114 3654.0000000000
117 3762.0000000000
213 3827.0000000000
225 3903.0000000000
251 3934.0000000000
259 3941.0000000000
263 4250.0000000000
363 4255.0000000000
398 4311.0000000000
410 4322.0000000000
442 4359.0000000000
477 4379.0000000000
478 4399.0000000000
485 4449.0000000000
524 4482.0000000000
554 4499.0000000000
571 4505.0000000000
587 4509.0000000000
619 4547.0000000000
678 4553.0000000000
718 4563.0000000000
736 4572.0000000000
756 4575.0000000000
802 4579.0000000000
803 4595.0000000000
811 4601.0000000000
817 4626.0000000000
836 4650.0000000000
863 4681.0000000000
895 4686.0000000000
913 4691.0000000000
960 4697.0000000000
969 4719.0000000000
980 4729.0000000000
991 4741.0000000000
1009 4774.0000000000
1133 4843.0000000000
1246 4856.0000000000
1354 4858.0000000000
1404 4865.0000000000
1425 4867.0000000000
1506 4879.0000000000
1513 4892.0000000000
1524 4899.0000000000
1567 4901.0000000000
1585 4931.0000000000
1621 4951.0000000000
1631 4953.0000000000
1637 4960.0000000000
1681 4962.0000000000
1795 4990.0000000000
1837 4992.0000000000
2022 4995.0000000000
2113 5050.0000000000
evaluations raw_y
1 4992.0000000000
4 4995.0000000000
194 5050.0000000000
evaluations raw_y
1 4928.0000000000
2 4995.0000000000
153 5050.0000000000
evaluations raw_y
1 4952.0000000000
2 4995.0000000000
316 5050.0000000000
evaluations raw_y
1 4866.0000000000
2 4995.0000000000
351 5050.0000000000
evaluations raw_y
1 4941.0000000000
2 4995.0000000000
201 5050.0000000000
evaluations raw_y
1 4985.0000000000
2 4995.0000000000
115 5050.0000000000
evaluations raw_y
1 4995.0000000000
9 5050.0000000000
evaluations raw_y
1 4907.0000000000
2 4925.0000000000
3 4995.0000000000
366 5050.0000000000
evaluations raw_y
1 4995.0000000000
85 5050.0000000000
evaluations raw_y
1 2787.0000000000
3 3019.0000000000
10 3115.0000000000
66 3119.0000000000
128 3153.0000000000
147 3204.0000000000
255 3617.0000000000
100000 2736.0000000000
evaluations raw_y
1 2791.0000000000
2 3014.0000000000
17 3021.0000000000
169 3068.0000000000
927 3092.0000000000
1028 3094.0000000000
4325 3100.0000000000
5447 3118.0000000000
7645 3179.0000000000
12560 3225.0000000000
84876 3242.0000000000
85368 3271.0000000000
100000 2435.0000000000
evaluations raw_y
1 2634.0000000000
4 2700.0000000000
9 2765.0000000000
48 2856.0000000000
58 2890.0000000000
229 2904.0000000000
259 2982.0000000000
4463 2992.0000000000
4532 3046.0000000000
8610 3049.0000000000
14461 3085.0000000000
18113 3120.0000000000
26004 3133.0000000000
26955 3223.0000000000
45377 3298.0000000000
100000 2181.0000000000
evaluations raw_y
1 1931.0000000000
2 2055.0000000000
5 2142.0000000000
6 2207.0000000000
8 2335.0000000000
23 2453.0000000000
28 2616.0000000000
1163 2749.0000000000
5705 2771.0000000000
6222 2873.0000000000
40200 2930.0000000000
68738 3016.0000000000
88261 3022.0000000000
97054 3057.0000000000
100000 2196.0000000000
evaluations raw_y
1 2504.0000000000
4 2598.0000000000
6 2659.0000000000
11 2796.0000000000
72 2809.0000000000
182 2904.0000000000
281 2982.0000000000
1508 2995.0000000000
3450 3061.0000000000
4160 3064.0000000000
11045 3072.0000000000
25578 3120.0000000000
51368 3167.0000000000
74766 3194.0000000000
91627 3347.0000000000
98285 3385.0000000000
98512 3418.0000000000
100000 2461.0000000000
evaluations raw_y
1 2545.0000000000
3 2715.0000000000
4 2847.0000000000
17 2965.0000000000
27 3112.0000000000
104 3279.0000000000
556 3330.0000000000
714 3368.0000000000
726 3411.0000000000
100000 2440.0000000000
evaluations raw_y
1 2431.0000000000
9 2487.0000000000
15 2749.0000000000
27 2774.0000000000
35 2846.0000000000
361 2906.0000000000
1458 2960.0000000000
12419 2974.0000000000
13814 3009.0000000000
25164 3036.0000000000
26955 3190.0000000000
27876 3237.0000000000
36701 3244.0000000000
36713 3308.0000000000
36899 3342.0000000000
77367 3354.0000000000
78455 3361.0000000000
79332 3364.0000000000
79994 3402.0000000000
80081 3432.0000000000
80456 3480.0000000000
80485 3490.0000000000
81879 3512.0000000000
82839 3564.0000000000
100000 3065.0000000000
evaluations raw_y
1 3136.0000000000
7 3224.0000000000
12 3303.0000000000
53 3319.0000000000
153 3382.0000000000
172 3424.0000000000
291 3476.0000000000
694 3517.0000000000
3075 3549.0000000000
3705 3560.0000000000
4094 3630.0000000000
100000 2402.0000000000
evaluations raw_y
1 2065.0000000000
2 2147.0000000000
4 2450.0000000000
14 2470.0000000000
20 2516.0000000000
69 2546.0000000000
377 2597.0000000000
622 2642.0000000000
707 2662.0000000000
1024 2679.0000000000
3556 2715.0000000000
4723 2729.0000000000
10456 2737.0000000000
11532 2752.0000000000
11952 2771.0000000000
14193 2793.0000000000
15027 2830.0000000000
22461 2831.0000000000
25396 2834.0000000000
26018 2962.0000000000
30752 3085.0000000000
35940 3134.0000000000
100000 2473.0000000000
evaluations raw_y
1 2405.0000000000
3 2410.0000000000
7 2546.0000000000
14 2598.0000000000
23 2619.0000000000
65 2681.0000000000
224 2760.0000000000
773 2764.0000000000
843 2827.0000000000
2328 2833.0000000000
5843 2848.0000000000
6373 2988.0000000000
6597 2997.0000000000
7937 3014.0000000000
10411 3021.0000000000
13469 3131.0000000000
28875 3166.0000000000
32168 3181.0000000000
32587 3242.0000000000
34208 3288.0000000000
100000 2421.0000000000
