evaluations raw_y
1 1.5595757954
2 1.5933715743
37 1.6857720836
45 1.7397355602
56 1.7869907076
69 1.8532246108
82 1.9127773527
150 1.9157088123
165 1.9485580670
197 2.1026072330
206 2.1132713440
237 2.1607605877
255 2.3969319271
362 2.4015369837
505 2.4154589372
510 2.5278058645
588 2.7624309392
649 2.7932960894
681 2.8901734104
804 3.0084235860
948 3.0303030303
1205 3.0674846626
1271 3.3921302578
1317 3.4965034965
1433 3.5260930889
1455 3.5971223022
1467 3.6710719530
12188 3.6927621861
12289 3.7037037037
23175 3.9370078740
23703 4.0257648953
100000 3.0674846626
evaluations raw_y
1 1.1431184271
7 1.2272950417
8 1.3623978202
15 1.4872099941
24 1.6414970453
38 1.7205781142
69 1.8395879323
96 1.9516003123
101 2.0374898126
112 2.0408163265
123 2.0712510356
131 2.0920502092
160 2.2026431718
178 2.4582104228
180 2.5536261491
233 2.5906735751
279 2.8968713789
458 2.9171528588
468 3.0376670717
516 3.1055900621
553 3.2092426187
648 3.2341526520
782 3.4965034965
1567 3.5868005739
1596 3.6179450072
2759 3.6496350365
13906 3.7821482602
14328 3.8051750381
14365 3.9619651347
54673 3.9872408293
54676 4.2158516020
54744 4.4722719141
100000 3.1367628607
evaluations raw_y
1 0.7261109498
9 0.7273785278
20 0.9317927693
23 0.9716284493
25 1.1809163911
26 1.2333497780
30 1.2645422357
38 1.3653741125
53 1.5384615385
63 1.5403573629
73 1.7111567420
74 1.8670649739
77 1.8982536067
87 1.9186492709
88 2.2222222222
89 2.3084025854
114 2.3386342376
122 2.5536261491
186 2.5693730730
265 2.5960539979
274 2.6014568158
282 2.6123301985
303 2.6511134677
311 2.6680896478
495 2.7932960894
506 2.8121484814
576 3.3112582781
793 3.3377837116
951 3.3647375505
1044 3.6284470247
1147 3.6603221083
1241 3.6710719530
94017 3.7593984962
100000 2.8312570781
evaluations raw_y
1 1.2619888945
6 1.4889815366
7 1.6350555919
31 1.7543859649
41 1.7768301350
43 1.7793594306
49 1.9546520719
53 2.0275750203
85 2.0712510356
93 2.1026072330
130 2.1204410517
141 2.3212627669
146 2.3342670401
161 2.4826216485
172 2.6014568158
240 2.6968716289
320 2.7262813522
357 2.7685492802
397 2.7746947836
420 2.8835063437
600 2.9868578256
684 3.0084235860
702 3.0156815440
709 3.0674846626
1265 3.1525851198
1319 3.1605562579
1447 3.5063113604
1918 3.5971223022
100000 3.3738191633
evaluations raw_y
1 1.0150223305
3 1.0883761428
5 1.1296882061
6 1.2481278083
7 1.4052838673
16 1.4132278123
19 1.5654351910
25 1.6458196182
35 1.7543859649
66 1.8504811251
84 1.9098548510
111 2.0644095789
169 2.1026072330
180 2.1795989538
184 2.2789425706
199 2.3877745941
218 2.4390243902
222 2.5960539979
263 2.8121484814
268 2.9239766082
346 2.9868578256
351 3.0229746070
422 3.1055900621
451 3.1289111389
469 3.2679738562
1188 3.3467202142
1252 3.7369207773
6435 3.7821482602
6515 4.1736227045
100000 4.1736227045
evaluations raw_y
1 0.7949125596
7 0.8215576733
8 0.8375209380
9 0.9248982612
10 0.9466111321
11 1.1296882061
15 1.1368804002
28 1.2013455070
32 1.2141816416
44 1.4492753623
45 1.5403573629
50 1.6700066800
55 1.6903313049
59 1.7397355602
62 1.9127773527
63 1.9334880124
72 2.0441537204
73 2.1987686895
93 2.2261798753
122 2.3084025854
123 2.3474178404
136 2.3741690408
184 2.3877745941
208 2.4295432459
213 2.5227043391
316 2.6014568158
348 2.7085590466
666 2.7144408252
683 3.0084235860
770 3.0303030303
889 3.0674846626
959 3.2010243278
1006 3.3288948069
1105 3.6075036075
7077 3.6496350365
7399 3.7481259370
100000 2.9036004646
evaluations raw_y
1 0.9167583425
7 0.9310986965
8 1.0084711577
21 1.1096316023
22 1.1205737338
25 1.2827090816
40 1.3054830287
52 1.4943215780
55 1.5713387806
75 1.6265452180
76 1.6589250166
93 1.8024513338
95 1.8102824041
110 1.8953752843
147 2.1026072330
244 2.2999080037
262 2.3041474654
289 2.3342670401
295 2.3923444976
319 2.6178010471
326 2.7382256298
330 2.8058361392
356 2.8121484814
438 2.8441410694
500 3.2851511170
519 3.4578146611
767 3.5663338088
1066 3.7257824143
1077 3.8051750381
1361 3.9123630673
100000 3.1055900621
evaluations raw_y
1 1.2761613068
7 1.4068655037
11 1.5873015873
16 1.6880486158
24 1.8024513338
28 1.8811136193
40 2.0048115477
41 2.0210185934
64 2.0644095789
67 2.0746887967
73 2.2104332449
125 2.4201355276
156 2.5746652935
187 2.6795284030
367 2.6852846402
406 2.8636884307
446 2.9515938607
469 2.9726516052
670 3.0525030525
1628 3.2679738562
1672 3.3288948069
6727 3.3829499323
6728 3.5663338088
100000 3.5663338088
evaluations raw_y
1 0.7619628162
2 0.7984669435
3 0.9160864786
6 1.0579771477
12 1.1420740064
14 1.3564839935
16 1.4943215780
32 1.5441630636
33 1.6880486158
42 1.7519271198
44 1.8477457502
47 1.9127773527
58 1.9245573518
72 2.0145044319
109 2.1496130696
119 2.1533161068
134 2.1720243267
138 2.2065313327
150 2.4533856722
173 2.7502750275
186 2.7563395810
187 2.7624309392
245 2.7808676307
257 2.9171528588
290 2.9726516052
334 2.9940119760
486 3.0450669915
521 3.0674846626
634 3.1210986267
669 3.1766200762
670 3.3921302578
1114 3.4013605442
100000 3.4013605442
evaluations raw_y
1 1.0241704220
2 1.0473397570
4 1.0734220696
8 1.3054830287
14 1.4196479273
17 1.5556938395
20 1.6371971185
23 1.6926201760
32 1.8024513338
47 1.8050541516
57 1.8839487566
63 1.8896447468
69 1.9952114924
71 2.1204410517
143 2.2143489814
158 2.3169601483
229 2.5075225677
259 2.5432349949
260 2.7382256298
310 2.9797377831
350 3.0599755202
417 3.1446540881
434 3.1685678074
459 3.1766200762
469 3.2679738562
541 3.4013605442
635 3.4293552812
867 3.5161744023
929 3.5260930889
936 3.8402457757
1639 3.8520801233
1700 3.9872408293
100000 3.9872408293
