evaluations raw_y
1 -0.4527351810
2 -0.4522954518
3 -0.4499539964
5 -0.4419746609
6 -0.4398878719
11 -0.4330352166
22 -0.4292447847
23 -0.4291877219
30 -0.4287390759
31 -0.4274985423
54 -0.4267204507
58 -0.4221578728
60 -0.4170561598
87 -0.4098357134
93 -0.4080643344
103 -0.4072714889
105 -0.3989607393
118 -0.3982197219
123 -0.3916863188
132 -0.3835481418
142 -0.3801078526
164 -0.3743205841
194 -0.3656933781
197 -0.3645009480
219 -0.3591920721
223 -0.3551960538
249 -0.3544550364
250 -0.3499411488
272 -0.3496294739
295 -0.3495724110
329 -0.3440008241
331 -0.3427705339
349 -0.3388858533
351 -0.3345206676
377 -0.3334432604
412 -0.3311355100
569 -0.3305189277
586 -0.3296906161
622 -0.3283664124
639 -0.3233440301
722 -0.3170559778
814 -0.3138057570
1132 -0.3133256370
1329 -0.3130015987
1357 -0.3122393010
8296 -0.3109133031
34090 -0.3103257420
34353 -0.3093247016
34531 -0.3091982962
34577 -0.3038786603
57481 -0.3028022732
58640 -0.3020399754
74218 -0.3005247151
100000 -0.3012870129
evaluations raw_y
1 -0.3005247151
100000 -0.3005247151
evaluations raw_y
1 -0.3005247151
96405 -0.3004069076
100000 -0.3004069076
evaluations raw_y
1 -0.3004069076
100000 -0.3004069076
evaluations raw_y
1 -0.3113019725
301 -0.3004069076
100000 -0.3004069076
evaluations raw_y
1 -0.3067845509
393 -0.3004069076
100000 -0.3089209300
evaluations raw_y
1 -0.3101273444
410 -0.3004069076
100000 -0.3027146580
evaluations raw_y
1 -0.3004069076
100000 -0.3004069076
evaluations raw_y
1 -0.3004069076
100000 -0.3052184390
evaluations raw_y
1 -0.3004069076
100000 -0.3040934663
evaluations raw_y
1 -0.5277912957
3 -0.5238414071
5 -0.5231212729
6 -0.5201282912
7 -0.5183041510
11 -0.5145066497
20 -0.5127841856
22 -0.5105262557
77 -0.5070227353
159 -0.4989021229
167 -0.4973984804
169 -0.4967024295
170 -0.4945440902
215 -0.4908501628
221 -0.4844366017
233 -0.4792211601
242 -0.4773824136
249 -0.4748793410
272 -0.4718004800
273 -0.4694590245
280 -0.4585069340
288 -0.4530110396
580 -0.4522593304
583 -0.4519352921
1448 -0.4490159486
1454 -0.4472774776
3475 -0.4453204789
3477 -0.4447791469
3502 -0.4437453119
3503 -0.4408220514
3561 -0.4336690527
3563 -0.4299347737
3564 -0.4292453570
28439 -0.4256864890
28445 -0.4247816961
28456 -0.4232621584
70744 -0.4198667880
100000 -0.4675068480
evaluations raw_y
1 -0.4675068480
2 -0.4621160657
7 -0.4574211381
635 -0.4558276984
637 -0.4458325338
4433 -0.4451049191
4434 -0.4375670174
21767 -0.4355583366
35150 -0.4279685990
57115 -0.4257030109
57117 -0.4226553460
57120 -0.4223492191
57121 -0.4189429323
57137 -0.4189073880
100000 -0.5036400839
evaluations raw_y
1 -0.5054430363
2 -0.4870056043
3 -0.4850979472
53 -0.4808804668
56 -0.4790085291
69 -0.4781511799
71 -0.4760286474
74 -0.4748362173
78 -0.4663250512
119 -0.4633559953
152 -0.4625082712
1773 -0.4549658979
4857 -0.4484832465
6020 -0.4470839441
8871 -0.4469357710
10877 -0.4448389645
10878 -0.4408890760
10881 -0.4402254707
10882 -0.4399193438
17133 -0.4380835057
17136 -0.4368910756
17160 -0.4358585443
31274 -0.4328542225
31279 -0.4279560596
31288 -0.4219246522
32853 -0.4206471882
32857 -0.4118924537
32862 -0.4064694114
100000 -0.5332075894
evaluations raw_y
1 -0.5308998390
5 -0.5232126098
8 -0.5206183581
10 -0.5121043357
12 -0.5041079027
15 -0.4980385916
18 -0.4969588076
26 -0.4911715391
75 -0.4889234786
164 -0.4805281838
278 -0.4759431077
298 -0.4750032081
481 -0.4735300816
483 -0.4709415977
486 -0.4686621493
487 -0.4608479702
491 -0.4600402104
496 -0.4543364763
2726 -0.4472217216
2727 -0.4445189663
12805 -0.4428251888
12807 -0.4317963260
12808 -0.4311298496
12812 -0.4206344136
100000 -0.4966490288
evaluations raw_y
1 -0.4966490288
211 -0.4919336193
215 -0.4912700140
220 -0.4895276078
222 -0.4894705450
223 -0.4856118315
226 -0.4789680409
245 -0.4766028597
253 -0.4717913283
259 -0.4676459972
431 -0.4644909821
435 -0.4640108621
764 -0.4532321633
767 -0.4523879517
2083 -0.4515101941
9303 -0.4487279662
9304 -0.4440974841
9513 -0.4423322691
9529 -0.4386726466
12950 -0.4354599365
12952 -0.4353870833
14794 -0.4345025624
14800 -0.4322416284
21384 -0.4303155997
21411 -0.4231375769
21412 -0.4148881968
21426 -0.4134149863
21443 -0.4096765004
21485 -0.4015257255
21490 -0.4012576623
21491 -0.3932351157
21519 -0.3911943201
21542 -0.3909309218
21544 -0.3896103592
100000 -0.5551168251
evaluations raw_y
1 -0.5551168251
3 -0.5506220517
6 -0.5352990511
8 -0.5311496872
22 -0.5235894981
39 -0.5182699141
41 -0.5160533511
45 -0.5146078650
48 -0.5110257869
56 -0.5048249452
60 -0.5001312786
62 -0.4951200547
63 -0.4758413156
606 -0.4749233499
852 -0.4699735980
853 -0.4693355863
858 -0.4674279292
859 -0.4618119055
865 -0.4602325050
2139 -0.4559908386
2743 -0.4526425952
2750 -0.4503631468
2897 -0.4502225080
2902 -0.4467952233
2913 -0.4391160312
2923 -0.4335086030
15172 -0.4325701373
15174 -0.4313085811
15178 -0.4248383164
21205 -0.4187003405
21209 -0.4125191851
21210 -0.4086555773
21216 -0.4078778183
100000 -0.5258279365
evaluations raw_y
1 -0.5258279365
6 -0.5234864811
37 -0.5232680472
50 -0.5232526847
51 -0.5203959525
52 -0.5115071438
53 -0.5053661869
55 -0.5039937237
67 -0.5022148220
90 -0.4988714046
92 -0.4972024945
141 -0.4963874785
144 -0.4900098352
228 -0.4677494672
229 -0.4572607851
2574 -0.4547864955
2579 -0.4491461825
3986 -0.4442474996
3995 -0.4434546541
4014 -0.4379955579
4016 -0.4354334828
13705 -0.4350587495
13913 -0.4323790858
13919 -0.4257268606
13920 -0.4254469447
13923 -0.4244415286
100000 -0.5007940569
evaluations raw_y
1 -0.5042213415
3 -0.4978142448
9 -0.4956941490
18 -0.4945056121
27 -0.4921509810
36 -0.4916006399
110 -0.4910251640
125 -0.4909487300
148 -0.4894413531
150 -0.4850224383
152 -0.4823909079
154 -0.4798522154
157 -0.4698224991
401 -0.4690929757
404 -0.4682972214
408 -0.4672492602
422 -0.4649925647
423 -0.4637253038
424 -0.4575211451
433 -0.4568547514
434 -0.4520432199
438 -0.4473928053
444 -0.4449798001
2147 -0.4426319029
3641 -0.4402640575
7847 -0.4401328045
23900 -0.4336601489
23901 -0.4287465795
23902 -0.4275541494
23906 -0.4261743563
23907 -0.4181779233
23937 -0.4166853384
23941 -0.4163953029
100000 -0.5271805362
evaluations raw_y
1 -0.5271805362
2 -0.5233299897
5 -0.5215586107
17 -0.5202970545
19 -0.5156665724
205 -0.5144790546
215 -0.5104973851
218 -0.5101904950
223 -0.5026086961
233 -0.4975257790
234 -0.4926809244
236 -0.4881670368
238 -0.4881176500
239 -0.4816086351
381 -0.4781310681
1076 -0.4775658917
1077 -0.4703454452
1327 -0.4674597752
3121 -0.4671453710
3331 -0.4606874004
3385 -0.4584198839
3864 -0.4583636424
3867 -0.4539884911
3869 -0.4516858934
3890 -0.4497814381
3893 -0.4489833580
3894 -0.4455674518
3898 -0.4353306593
3990 -0.4350687890
4009 -0.4302301067
4010 -0.4229476242
68526 -0.4227016755
68527 -0.4166605582
100000 -0.4604987244
evaluations raw_y
1 -0.4685768807
6 -0.4613933896
7 -0.4600135965
35 -0.4574771917
747 -0.4551647737
1841 -0.4520692685
1842 -0.4463712294
2150 -0.4452878872
2153 -0.4423900176
2181 -0.4397756706
5171 -0.4365149816
24491 -0.4277804861
50540 -0.4245824993
50554 -0.4233251836
50558 -0.4232654446
50575 -0.4123336603
100000 -0.4924848861
evaluations raw_y
1 -0.5204243430
2 -0.4802948923
6 -0.4790522550
8 -0.4562374640
27 -0.4282268838
36 -0.4179601743
38 -0.4072681634
58 -0.4060757333
59 -0.4050167248
61 -0.4027380244
65 -0.3938366126
87 -0.3931942688
95 -0.3835105556
104 -0.3793109180
114 -0.3758313634
154 -0.3704142420
185 -0.3645178616
193 -0.3626937214
209 -0.3616592114
210 -0.3556255077
232 -0.3538541287
241 -0.3517910958
252 -0.3511894795
253 -0.3471557655
257 -0.3450927326
260 -0.3420540526
289 -0.3399910196
327 -0.3393410321
513 -0.3374700128
526 -0.3321108171
549 -0.3288449362
556 -0.3265654878
571 -0.3255644474
647 -0.3171090700
660 -0.3159166399
726 -0.3154365199
784 -0.3128744447
905 -0.3105666943
1108 -0.3068026013
64014 -0.3065176311
64057 -0.3052873410
82981 -0.3018096127
100000 -0.3018096127
evaluations raw_y
1 -0.3018096127
26248 -0.3002210113
26258 -0.3000946058
26632 -0.2947749700
34653 -0.2941460802
38353 -0.2928200823
100000 -0.3071276030
evaluations raw_y
1 -0.2928200823
100000 -0.3016992767
evaluations raw_y
1 -0.2951278327
3 -0.2928200823
100000 -0.2928200823
evaluations raw_y
1 -0.2928200823
100000 -0.2928200823
evaluations raw_y
1 -0.3034317877
2 -0.2928200823
100000 -0.3006329002
evaluations raw_y
1 -0.2968731634
2 -0.2928200823
100000 -0.2928200823
evaluations raw_y
1 -0.2928200823
100000 -0.3034162960
evaluations raw_y
1 -0.2928200823
100000 -0.2928200823
evaluations raw_y
1 -0.2928200823
100000 -0.3062510467
evaluations raw_y
1 -0.5518257829
2 -0.5162151445
4 -0.5153127319
5 -0.4856300157
1334 -0.4803119424
1717 -0.4755156042
1880 -0.4748967271
1928 -0.4711577951
1943 -0.4701159932
1945 -0.4673367073
1946 -0.4672269888
1973 -0.4667726227
3013 -0.4637657554
3059 -0.4626010819
4000 -0.4570263110
7956 -0.4556192471
9355 -0.4517870693
9405 -0.4464322836
9418 -0.4423803785
9462 -0.4397528431
9467 -0.4227989705
87851 -0.4175680728
87866 -0.4152594343
88053 -0.4115818624
88085 -0.4091632821
100000 -0.5368705092
evaluations raw_y
1 -0.5346997961
2 -0.5319597360
3 -0.5215478326
5 -0.5191016412
15 -0.5172902599
22 -0.5146056669
55 -0.5111617503
81 -0.5086836039
167 -0.5050821012
177 -0.4961012086
180 -0.4925968867
212 -0.4916128511
281 -0.4801715360
344 -0.4793093578
357 -0.4678578710
443 -0.4666662516
514 -0.4607883955
575 -0.4579788845
630 -0.4570044164
713 -0.4565243444
793 -0.4563738501
951 -0.4550864159
1052 -0.4506109358
8577 -0.4501097007
13524 -0.4489899791
13668 -0.4470638993
19159 -0.4439132832
21706 -0.4379842018
29357 -0.4361145729
75854 -0.4314936562
75882 -0.4231564686
79857 -0.4187373351
80519 -0.4167790904
80660 -0.4157051332
80719 -0.4065701600
100000 -0.4984394383
evaluations raw_y
1 -0.4903482906
6 -0.4893117545
7 -0.4864437993
29 -0.4860040701
47 -0.4838817241
60 -0.4804307164
76 -0.4724366972
226 -0.4718630695
435 -0.4530112623
534 -0.4463088084
592 -0.4449014119
606 -0.4407408176
621 -0.4370115467
623 -0.4335235378
635 -0.4284350217
686 -0.4246312793
2257 -0.4244668417
2277 -0.4172892506
5887 -0.4148036024
100000 -0.5326853718
evaluations raw_y
1 -0.5460916935
3 -0.5426303943
5 -0.5406321990
7 -0.5301088412
8 -0.5168756238
185 -0.5126692589
189 -0.5106654979
208 -0.4997170947
1648 -0.4974229646
1671 -0.4869365298
1730 -0.4840511428
1840 -0.4839957131
1848 -0.4781046130
1910 -0.4780597577
2447 -0.4767728739
2475 -0.4735104675
2551 -0.4698043962
2575 -0.4667398623
6111 -0.4611304233
6209 -0.4610630525
10509 -0.4591778403
18300 -0.4525695238
18413 -0.4502685174
19347 -0.4502000382
19380 -0.4478883677
19480 -0.4467267432
19645 -0.4456539063
19796 -0.4412706649
19909 -0.4379536544
19995 -0.4356219328
20130 -0.4333340166
20154 -0.4257767204
20236 -0.4241260863
100000 -0.4915418228
evaluations raw_y
1 -0.5081689500
2 -0.4890295419
4 -0.4839060440
48 -0.4838109502
78 -0.4816344492
153 -0.4810638519
639 -0.4765457104
659 -0.4741067754
922 -0.4708233979
942 -0.4620544079
1366 -0.4589713744
10014 -0.4538113439
10019 -0.4507917356
14468 -0.4493386281
15153 -0.4459602633
33887 -0.4405155505
33924 -0.4383428050
34035 -0.4342169286
36596 -0.4298231395
36599 -0.4210421151
100000 -0.4959825445
evaluations raw_y
1 -0.4835612785
3 -0.4767101975
104 -0.4702004041
234 -0.4683112639
357 -0.4627044409
9761 -0.4617717067
9803 -0.4514603813
9923 -0.4500786897
18424 -0.4463963301
18455 -0.4410807983
18462 -0.4385577783
18962 -0.4379362662
19004 -0.4368779513
19071 -0.4267781139
94030 -0.4263296695
95984 -0.4258333985
100000 -0.5321308409
evaluations raw_y
1 -0.5315594750
2 -0.5266581989
3 -0.4989698066
27 -0.4915373221
34 -0.4863265322
141 -0.4852633188
146 -0.4787815008
186 -0.4771183498
197 -0.4730652318
1294 -0.4727296727
1376 -0.4712879593
1397 -0.4705212903
1407 -0.4670119377
2251 -0.4591507821
6780 -0.4578028312
6794 -0.4558313108
12808 -0.4470812609
13931 -0.4436587480
14057 -0.4434188267
14062 -0.4374384735
14203 -0.4262369946
87945 -0.4242803779
100000 -0.5339361519
evaluations raw_y
1 -0.5180679070
7 -0.5135107385
13 -0.5132633135
15 -0.5121380635
16 -0.5120330234
19 -0.5078361178
25 -0.5057026016
35 -0.5042850253
45 -0.4995527537
153 -0.4917019015
168 -0.4883702055
191 -0.4866378229
235 -0.4864668061
252 -0.4774771973
2389 -0.4715260210
2397 -0.4685819956
2435 -0.4672428207
2444 -0.4668793442
2446 -0.4667312832
2452 -0.4563652343
4230 -0.4527463699
4238 -0.4471542199
6373 -0.4422814531
14519 -0.4421644156
14572 -0.4417511699
14582 -0.4373691769
14604 -0.4170641499
100000 -0.5409967032
evaluations raw_y
1 -0.5372531926
2 -0.5325367570
17 -0.5306470102
47 -0.5302361585
50 -0.5300612189
56 -0.5273555655
76 -0.5273219084
88 -0.5262530405
90 -0.5255675651
93 -0.5180886046
110 -0.5177734280
119 -0.5173903813
124 -0.5155217721
395 -0.5149778778
590 -0.5118844749
834 -0.5014904545
1157 -0.4985555003
1321 -0.4982532457
3500 -0.4901488281
3537 -0.4884224887
3562 -0.4875876683
5111 -0.4859206207
5437 -0.4858791138
5460 -0.4808906165
5491 -0.4775600777
5962 -0.4764916345
5988 -0.4748587028
5994 -0.4719373068
6139 -0.4628217041
6357 -0.4597797724
6417 -0.4584378768
6442 -0.4579981475
6467 -0.4547333789
6891 -0.4517210898
12135 -0.4468710881
12141 -0.4452701258
12215 -0.4437401270
12393 -0.4421508151
12400 -0.4420937776
16503 -0.4366933119
29958 -0.4355853539
29960 -0.4340630494
63552 -0.4331064896
63562 -0.4314896025
69628 -0.4213570488
69694 -0.4133540372
100000 -0.4731872318
evaluations raw_y
1 -0.4873905248
3 -0.4806624609
6 -0.4775869228
7 -0.4743795392
10 -0.4583003279
56 -0.4580900368
58 -0.4511519012
108 -0.4501251415
490 -0.4409811639
676 -0.4383485702
678 -0.4368559833
685 -0.4345896979
713 -0.4284363881
2250 -0.4235382021
2372 -0.4216970276
40932 -0.4209574828
41122 -0.4144842782
100000 -0.4538056526
evaluations raw_y
1 -0.5138764349
3 -0.4930240484
4 -0.4662132011
7 -0.4661774738
28 -0.4518063317
84 -0.4506003242
90 -0.4324430985
111 -0.4207678885
123 -0.4205148639
136 -0.4049916930
169 -0.4016383454
186 -0.3953318382
225 -0.3728003862
321 -0.3702858164
378 -0.3620277188
388 -0.3559470509
448 -0.3558105886
472 -0.3538194261
473 -0.3518322593
497 -0.3494552737
507 -0.3464256552
546 -0.3448371230
555 -0.3380480950
564 -0.3356597494
610 -0.3319617292
645 -0.3312907852
655 -0.3307411984
657 -0.3275420327
672 -0.3258008693
714 -0.3202354597
741 -0.3196971747
842 -0.3192170547
949 -0.3174920603
955 -0.3170119403
985 -0.3153010448
1098 -0.3146474797
1159 -0.3145904169
1215 -0.3134550496
1237 -0.3133979868
1317 -0.3116520972
1327 -0.3115950344
1361 -0.3108989836
1499 -0.3054010993
1515 -0.3042086692
1692 -0.3032076288
1838 -0.3031992437
2029 -0.3028676697
12981 -0.2993433776
29404 -0.2980173797
51435 -0.2965021193
100000 -0.2965021193
evaluations raw_y
1 -0.3060261509
2 -0.2965021193
6043 -0.2935538622
100000 -0.2935538622
evaluations raw_y
1 -0.2935538622
100000 -0.2935538622
evaluations raw_y
1 -0.3053317430
2 -0.2935538622
100000 -0.2935538622
evaluations raw_y
1 -0.3008051998
2 -0.2935538622
100000 -0.2935538622
evaluations raw_y
1 -0.2935538622
100000 -0.2935538622
evaluations raw_y
1 -0.2940339822
2 -0.2935538622
100000 -0.2935538622
evaluations raw_y
1 -0.2997890969
2 -0.2935538622
100000 -0.2935538622
evaluations raw_y
1 -0.2935538622
100000 -0.3034721607
evaluations raw_y
1 -0.2935538622
100000 -0.2935538622
evaluations raw_y
1 -0.4908540599
6 -0.4744490013
11 -0.4662070430
14 -0.4545684363
238 -0.4539412707
266 -0.4438162361
289 -0.4395256179
369 -0.4319706463
3077 -0.4213141811
3584 -0.4185691027
3960 -0.4098695597
100000 -0.4898403715
evaluations raw_y
1 -0.5064344618
2 -0.4834225152
5 -0.4588602032
18 -0.4481217878
169 -0.4393685728
285 -0.4352497738
408 -0.4306813509
1474 -0.4257559797
2724 -0.4245341690
5924 -0.4183061564
61177 -0.4014604344
63659 -0.3926439113
100000 -0.4418388185
evaluations raw_y
1 -0.4430045265
8 -0.4404896571
11 -0.4399771812
14 -0.4359748112
24 -0.4339775077
66 -0.4335166355
68 -0.4243206471
80 -0.4209898164
184 -0.4180715087
229 -0.4159021281
264 -0.4025174946
2381 -0.3954021277
100000 -0.4960173234
evaluations raw_y
1 -0.5067039127
3 -0.4891478038
7 -0.4791721831
10 -0.4765203982
34 -0.4619586497
42 -0.4565314483
525 -0.4523351302
739 -0.4469774578
947 -0.4401328955
7633 -0.4392756073
11861 -0.4392138468
14140 -0.4371917442
14590 -0.4272087766
15127 -0.4267858625
15457 -0.4125479457
18038 -0.4085178236
19964 -0.4073445447
20055 -0.4036750024
49317 -0.4018128356
53393 -0.3936150881
100000 -0.4789202506
evaluations raw_y
1 -0.4516908637
24 -0.4441925971
480 -0.4390839321
1381 -0.4377671993
2702 -0.4324762638
2764 -0.4308123815
48851 -0.4269037462
51405 -0.4255235571
51827 -0.4251624823
51955 -0.4222271306
52456 -0.4207983756
68165 -0.4045995039
100000 -0.4705700212
evaluations raw_y
1 -0.4852398233
3 -0.4670147743
49 -0.4656178316
101 -0.4628201206
116 -0.4555153327
159 -0.4533844074
242 -0.4395297688
3665 -0.4377707585
100000 -0.5444755753
evaluations raw_y
1 -0.5498829870
2 -0.5041583915
52 -0.5013948917
77 -0.4989250740
418 -0.4975644227
460 -0.4949281059
533 -0.4912946144
1662 -0.4889188594
2528 -0.4884619639
3444 -0.4811512529
3632 -0.4735534384
3724 -0.4685694833
5699 -0.4677310686
8445 -0.4655395365
10126 -0.4649735573
10135 -0.4572081646
27354 -0.4563124356
29220 -0.4529230172
29524 -0.4528471603
47375 -0.4446267526
100000 -0.5370817256
evaluations raw_y
1 -0.5015260261
11 -0.4991139560
15 -0.4968118817
16 -0.4931382724
20 -0.4828159569
40 -0.4777059896
381 -0.4749237988
1708 -0.4682463002
3403 -0.4667924517
3460 -0.4563052490
25055 -0.4551889004
43966 -0.4511812254
54551 -0.4500021609
100000 -0.5665243042
evaluations raw_y
1 -0.5123799276
8 -0.5115478076
21 -0.5109921315
26 -0.5081875408
75 -0.4968198083
83 -0.4927929195
218 -0.4869757955
952 -0.4760013653
2847 -0.4743037625
3014 -0.4727084571
3103 -0.4710769357
3432 -0.4709449582
3571 -0.4699532147
4267 -0.4678668118
4638 -0.4674159495
7144 -0.4668165328
8627 -0.4543689478
10565 -0.4488058935
12439 -0.4463907065
12841 -0.4443469254
12995 -0.4347036477
13869 -0.4334261641
17677 -0.4331233756
22801 -0.4300384050
67918 -0.4269714182
100000 -0.5129339656
evaluations raw_y
1 -0.5197307874
3 -0.5193738756
7 -0.5135581062
8 -0.5097661896
9 -0.4978035863
18 -0.4922296668
24 -0.4779299803
27 -0.4738394202
171 -0.4651071825
2259 -0.4650379043
4315 -0.4644200069
7349 -0.4620463293
8908 -0.4562871100
9985 -0.4512271181
16671 -0.4511240158
17481 -0.4492756394
22727 -0.4406007204
25165 -0.4307487031
26373 -0.4303987023
31405 -0.4296982408
35198 -0.4276575093
37093 -0.4254075202
40527 -0.4173838954
100000 -0.5397969832
