evaluations raw_y
1 2593.0000000000
2 2611.0000000000
6 2637.0000000000
7 2721.0000000000
10 2775.0000000000
14 2831.0000000000
17 2923.0000000000
31 3017.0000000000
32 3156.0000000000
38 3223.0000000000
39 3303.0000000000
43 3396.0000000000
46 3406.0000000000
47 3413.0000000000
61 3453.0000000000
70 3526.0000000000
78 3563.0000000000
92 3606.0000000000
96 3663.0000000000
106 3686.0000000000
111 3769.0000000000
113 3867.0000000000
129 3870.0000000000
140 3883.0000000000
156 3949.0000000000
170 4045.0000000000
176 4075.0000000000
210 4098.0000000000
221 4144.0000000000
224 4172.0000000000
231 4225.0000000000
261 4334.0000000000
264 4356.0000000000
284 4401.0000000000
298 4403.0000000000
308 4430.0000000000
312 4442.0000000000
337 4492.0000000000
343 4510.0000000000
355 4511.0000000000
357 4513.0000000000
366 4562.0000000000
372 4565.0000000000
409 4610.0000000000
429 4631.0000000000
496 4707.0000000000
513 4748.0000000000
566 4758.0000000000
678 4771.0000000000
821 4818.0000000000
876 4913.0000000000
954 5001.0000000000
1023 5006.0000000000
1191 5031.0000000000
1277 5048.0000000000
1399 5050.0000000000
evaluations raw_y
1 2101.0000000000
3 2158.0000000000
7 2223.0000000000
9 2225.0000000000
13 2311.0000000000
25 2377.0000000000
28 2411.0000000000
30 2428.0000000000
34 2447.0000000000
35 2475.0000000000
36 2500.0000000000
39 2572.0000000000
40 2729.0000000000
42 2756.0000000000
51 2871.0000000000
53 2877.0000000000
55 2892.0000000000
60 2954.0000000000
75 2976.0000000000
78 2998.0000000000
123 3089.0000000000
128 3135.0000000000
130 3218.0000000000
138 3251.0000000000
152 3299.0000000000
154 3317.0000000000
162 3405.0000000000
177 3429.0000000000
189 3460.0000000000
194 3471.0000000000
196 3567.0000000000
198 3581.0000000000
203 3613.0000000000
214 3698.0000000000
216 3717.0000000000
235 3816.0000000000
242 3867.0000000000
246 3894.0000000000
249 3974.0000000000
251 3981.0000000000
274 4021.0000000000
290 4102.0000000000
291 4165.0000000000
321 4173.0000000000
327 4176.0000000000
344 4258.0000000000
370 4295.0000000000
381 4372.0000000000
384 4382.0000000000
396 4420.0000000000
400 4460.0000000000
445 4467.0000000000
453 4534.0000000000
460 4535.0000000000
478 4564.0000000000
482 4662.0000000000
498 4704.0000000000
525 4749.0000000000
527 4751.0000000000
549 4792.0000000000
559 4797.0000000000
582 4894.0000000000
584 4907.0000000000
710 4916.0000000000
713 4939.0000000000
746 4942.0000000000
1014 5010.0000000000
1019 5014.0000000000
1566 5024.0000000000
2165 5050.0000000000
evaluations raw_y
1 2286.0000000000
8 2295.0000000000
17 2332.0000000000
22 2411.0000000000
23 2443.0000000000
24 2512.0000000000
26 2540.0000000000
29 2559.0000000000
33 2677.0000000000
35 2770.0000000000
41 2840.0000000000
47 2898.0000000000
48 2964.0000000000
52 3017.0000000000
71 3044.0000000000
83 3106.0000000000
90 3174.0000000000
109 3273.0000000000
133 3303.0000000000
147 3403.0000000000
175 3409.0000000000
176 3483.0000000000
188 3562.0000000000
202 3606.0000000000
203 3684.0000000000
208 3743.0000000000
235 3808.0000000000
250 3825.0000000000
251 3901.0000000000
256 3943.0000000000
279 4023.0000000000
283 4025.0000000000
291 4110.0000000000
316 4160.0000000000
344 4235.0000000000
347 4261.0000000000
357 4307.0000000000
374 4308.0000000000
405 4428.0000000000
476 4514.0000000000
479 4578.0000000000
504 4583.0000000000
529 4632.0000000000
538 4727.0000000000
542 4756.0000000000
558 4791.0000000000
589 4873.0000000000
590 4951.0000000000
859 4969.0000000000
924 5014.0000000000
1005 5017.0000000000
1160 5050.0000000000
evaluations raw_y
1 2751.0000000000
3 2842.0000000000
12 2849.0000000000
14 2884.0000000000
15 2964.0000000000
16 3060.0000000000
18 3062.0000000000
24 3142.0000000000
29 3156.0000000000
31 3222.0000000000
52 3261.0000000000
55 3426.0000000000
63 3496.0000000000
68 3530.0000000000
73 3564.0000000000
75 3575.0000000000
82 3601.0000000000
85 3641.0000000000
101 3733.0000000000
106 3784.0000000000
110 3885.0000000000
116 3962.0000000000
156 3969.0000000000
159 3973.0000000000
173 4038.0000000000
187 4039.0000000000
194 4066.0000000000
196 4077.0000000000
204 4114.0000000000
220 4174.0000000000
223 4274.0000000000
230 4345.0000000000
261 4353.0000000000
284 4415.0000000000
289 4441.0000000000
301 4458.0000000000
312 4540.0000000000
322 4549.0000000000
323 4606.0000000000
445 4731.0000000000
446 4744.0000000000
472 4799.0000000000
488 4806.0000000000
527 4819.0000000000
535 4833.0000000000
572 4852.0000000000
655 4855.0000000000
819 4911.0000000000
886 4923.0000000000
897 4970.0000000000
970 5009.0000000000
1372 5046.0000000000
1382 5050.0000000000
evaluations raw_y
1 2807.0000000000
3 2828.0000000000
7 2895.0000000000
11 2926.0000000000
13 2950.0000000000
14 3026.0000000000
30 3035.0000000000
32 3064.0000000000
33 3125.0000000000
34 3202.0000000000
36 3266.0000000000
41 3293.0000000000
42 3368.0000000000
47 3378.0000000000
54 3468.0000000000
86 3498.0000000000
89 3519.0000000000
99 3606.0000000000
133 3641.0000000000
161 3664.0000000000
180 3742.0000000000
195 3842.0000000000
197 3858.0000000000
199 3895.0000000000
202 3980.0000000000
211 4026.0000000000
254 4115.0000000000
259 4128.0000000000
299 4173.0000000000
320 4186.0000000000
335 4249.0000000000
345 4266.0000000000
349 4280.0000000000
363 4296.0000000000
371 4316.0000000000
375 4394.0000000000
392 4453.0000000000
431 4497.0000000000
432 4526.0000000000
442 4545.0000000000
451 4563.0000000000
469 4610.0000000000
482 4672.0000000000
532 4717.0000000000
542 4724.0000000000
593 4812.0000000000
596 4821.0000000000
637 4890.0000000000
656 4928.0000000000
697 4946.0000000000
738 4953.0000000000
841 4989.0000000000
1159 4995.0000000000
1162 5013.0000000000
1198 5050.0000000000
evaluations raw_y
1 2574.0000000000
4 2626.0000000000
6 2702.0000000000
10 2771.0000000000
11 2849.0000000000
15 2949.0000000000
20 2994.0000000000
30 3007.0000000000
38 3024.0000000000
45 3075.0000000000
53 3077.0000000000
58 3139.0000000000
72 3211.0000000000
76 3281.0000000000
77 3297.0000000000
78 3332.0000000000
80 3416.0000000000
87 3452.0000000000
90 3486.0000000000
92 3550.0000000000
93 3637.0000000000
95 3643.0000000000
99 3688.0000000000
103 3736.0000000000
114 3789.0000000000
135 3817.0000000000
165 3897.0000000000
172 3911.0000000000
176 3916.0000000000
182 3924.0000000000
193 3963.0000000000
206 3966.0000000000
214 3978.0000000000
216 4064.0000000000
217 4079.0000000000
220 4162.0000000000
221 4187.0000000000
230 4217.0000000000
259 4311.0000000000
292 4368.0000000000
296 4457.0000000000
326 4477.0000000000
355 4488.0000000000
373 4541.0000000000
381 4605.0000000000
399 4614.0000000000
419 4630.0000000000
427 4634.0000000000
466 4680.0000000000
485 4711.0000000000
507 4729.0000000000
548 4753.0000000000
571 4798.0000000000
606 4809.0000000000
630 4839.0000000000
704 4856.0000000000
894 4894.0000000000
933 4952.0000000000
940 4991.0000000000
962 5043.0000000000
1133 5050.0000000000
evaluations raw_y
1 2145.0000000000
6 2211.0000000000
7 2226.0000000000
10 2392.0000000000
13 2435.0000000000
15 2453.0000000000
22 2492.0000000000
26 2508.0000000000
33 2510.0000000000
42 2531.0000000000
43 2603.0000000000
46 2638.0000000000
49 2684.0000000000
56 2730.0000000000
64 2824.0000000000
69 2836.0000000000
90 2911.0000000000
97 2921.0000000000
100 2998.0000000000
104 3080.0000000000
107 3135.0000000000
113 3220.0000000000
119 3223.0000000000
127 3276.0000000000
131 3298.0000000000
138 3309.0000000000
150 3343.0000000000
152 3406.0000000000
160 3474.0000000000
172 3493.0000000000
177 3584.0000000000
182 3631.0000000000
184 3715.0000000000
189 3777.0000000000
198 3857.0000000000
210 3887.0000000000
226 3916.0000000000
234 3977.0000000000
265 4051.0000000000
267 4061.0000000000
279 4080.0000000000
290 4131.0000000000
298 4151.0000000000
321 4155.0000000000
329 4238.0000000000
330 4266.0000000000
338 4295.0000000000
345 4377.0000000000
367 4383.0000000000
376 4413.0000000000
382 4422.0000000000
430 4446.0000000000
485 4512.0000000000
487 4541.0000000000
500 4566.0000000000
517 4574.0000000000
537 4697.0000000000
543 4773.0000000000
616 4784.0000000000
636 4811.0000000000
665 4869.0000000000
758 4930.0000000000
858 4986.0000000000
1100 5050.0000000000
evaluations raw_y
1 2770.0000000000
8 2816.0000000000
13 2817.0000000000
17 2867.0000000000
22 2943.0000000000
27 2968.0000000000
28 2991.0000000000
29 3054.0000000000
31 3092.0000000000
33 3097.0000000000
34 3117.0000000000
46 3169.0000000000
52 3227.0000000000
56 3320.0000000000
74 3366.0000000000
79 3382.0000000000
81 3417.0000000000
91 3474.0000000000
92 3531.0000000000
102 3571.0000000000
109 3598.0000000000
110 3602.0000000000
112 3642.0000000000
113 3653.0000000000
120 3700.0000000000
133 3722.0000000000
140 3771.0000000000
142 3783.0000000000
157 3848.0000000000
160 3943.0000000000
161 3973.0000000000
162 4004.0000000000
168 4014.0000000000
191 4042.0000000000
215 4098.0000000000
216 4118.0000000000
233 4134.0000000000
240 4252.0000000000
241 4255.0000000000
317 4274.0000000000
350 4324.0000000000
355 4362.0000000000
379 4410.0000000000
397 4441.0000000000
408 4450.0000000000
434 4476.0000000000
439 4608.0000000000
448 4705.0000000000
456 4742.0000000000
485 4786.0000000000
563 4810.0000000000
728 4824.0000000000
866 4893.0000000000
895 4940.0000000000
908 4946.0000000000
995 4973.0000000000
1139 5017.0000000000
1281 5037.0000000000
1473 5050.0000000000
evaluations raw_y
1 2389.0000000000
7 2429.0000000000
8 2490.0000000000
11 2547.0000000000
14 2634.0000000000
21 2708.0000000000
23 2716.0000000000
24 2804.0000000000
33 2859.0000000000
40 2860.0000000000
41 2877.0000000000
42 2976.0000000000
52 3047.0000000000
59 3058.0000000000
64 3084.0000000000
67 3107.0000000000
68 3109.0000000000
70 3162.0000000000
71 3185.0000000000
94 3196.0000000000
100 3286.0000000000
117 3325.0000000000
119 3367.0000000000
149 3383.0000000000
159 3460.0000000000
161 3508.0000000000
170 3549.0000000000
178 3585.0000000000
191 3610.0000000000
194 3694.0000000000
195 3766.0000000000
200 3788.0000000000
210 3881.0000000000
222 3936.0000000000
230 3955.0000000000
232 4055.0000000000
236 4106.0000000000
317 4126.0000000000
327 4140.0000000000
328 4223.0000000000
343 4281.0000000000
373 4312.0000000000
376 4382.0000000000
413 4389.0000000000
414 4423.0000000000
419 4472.0000000000
430 4476.0000000000
431 4561.0000000000
450 4621.0000000000
461 4639.0000000000
486 4718.0000000000
553 4755.0000000000
572 4822.0000000000
592 4857.0000000000
699 4901.0000000000
740 4974.0000000000
858 5050.0000000000
evaluations raw_y
1 2446.0000000000
2 2463.0000000000
3 2491.0000000000
5 2509.0000000000
7 2531.0000000000
20 2579.0000000000
22 2638.0000000000
29 2645.0000000000
30 2698.0000000000
31 2838.0000000000
39 2934.0000000000
50 3024.0000000000
58 3064.0000000000
88 3157.0000000000
93 3292.0000000000
96 3329.0000000000
114 3363.0000000000
121 3448.0000000000
122 3449.0000000000
138 3522.0000000000
156 3548.0000000000
160 3599.0000000000
162 3604.0000000000
173 3695.0000000000
176 3753.0000000000
178 3810.0000000000
180 3932.0000000000
189 3953.0000000000
191 3973.0000000000
193 4001.0000000000
197 4022.0000000000
215 4051.0000000000
223 4149.0000000000
233 4217.0000000000
269 4312.0000000000
270 4391.0000000000
283 4394.0000000000
293 4465.0000000000
295 4562.0000000000
326 4617.0000000000
353 4660.0000000000
410 4710.0000000000
519 4760.0000000000
539 4770.0000000000
546 4776.0000000000
557 4846.0000000000
559 4860.0000000000
571 4883.0000000000
598 4911.0000000000
679 4986.0000000000
859 4991.0000000000
910 5050.0000000000
