evaluations raw_y
1 0.0000000000
6 1.0000000000
32 4.0000000000
96 5.0000000000
163 11.0000000000
607 13.0000000000
880 14.0000000000
974 15.0000000000
1724 16.0000000000
1879 18.0000000000
2862 22.0000000000
2872 25.0000000000
3016 26.0000000000
3048 29.0000000000
3322 30.0000000000
3442 31.0000000000
3658 32.0000000000
4007 33.0000000000
4096 41.0000000000
4240 42.0000000000
4366 43.0000000000
4411 44.0000000000
4441 45.0000000000
4918 48.0000000000
5278 51.0000000000
5554 52.0000000000
5686 54.0000000000
5707 55.0000000000
5831 57.0000000000
5891 59.0000000000
6089 60.0000000000
6884 61.0000000000
7004 62.0000000000
7387 64.0000000000
7579 65.0000000000
7713 68.0000000000
7715 76.0000000000
7761 80.0000000000
7777 81.0000000000
7871 83.0000000000
8949 84.0000000000
8986 87.0000000000
9042 88.0000000000
9404 95.0000000000
9690 96.0000000000
10226 98.0000000000
10369 99.0000000000
11021 100.0000000000
evaluations raw_y
1 0.0000000000
212 1.0000000000
246 2.0000000000
564 4.0000000000
984 5.0000000000
1294 7.0000000000
1769 10.0000000000
1970 11.0000000000
2094 15.0000000000
2175 18.0000000000
2251 22.0000000000
2269 24.0000000000
2424 25.0000000000
2719 26.0000000000
2798 27.0000000000
3924 29.0000000000
4356 31.0000000000
4626 33.0000000000
5117 34.0000000000
5268 35.0000000000
5278 41.0000000000
5428 42.0000000000
5468 43.0000000000
5612 46.0000000000
5650 47.0000000000
5919 50.0000000000
6129 51.0000000000
6343 52.0000000000
6624 55.0000000000
6651 56.0000000000
6817 59.0000000000
7932 61.0000000000
8159 64.0000000000
8206 66.0000000000
8240 71.0000000000
8340 76.0000000000
8421 77.0000000000
8657 79.0000000000
9290 80.0000000000
9757 83.0000000000
10047 84.0000000000
10076 85.0000000000
10411 86.0000000000
10693 87.0000000000
10987 88.0000000000
11470 90.0000000000
11502 95.0000000000
12003 99.0000000000
12264 100.0000000000
evaluations raw_y
1 0.0000000000
49 1.0000000000
78 2.0000000000
139 3.0000000000
156 4.0000000000
271 5.0000000000
338 7.0000000000
419 8.0000000000
547 12.0000000000
616 13.0000000000
792 15.0000000000
899 16.0000000000
1120 17.0000000000
1174 18.0000000000
1281 19.0000000000
1440 21.0000000000
2109 23.0000000000
2317 24.0000000000
2391 27.0000000000
2467 28.0000000000
2632 33.0000000000
3554 36.0000000000
3683 37.0000000000
4007 40.0000000000
4672 41.0000000000
4887 42.0000000000
5001 43.0000000000
5179 46.0000000000
5793 47.0000000000
5928 50.0000000000
6010 51.0000000000
6430 52.0000000000
8014 53.0000000000
8095 54.0000000000
8244 55.0000000000
8294 56.0000000000
8417 58.0000000000
9246 59.0000000000
9294 62.0000000000
9521 65.0000000000
9701 67.0000000000
9995 69.0000000000
10127 71.0000000000
10224 72.0000000000
10517 76.0000000000
10582 79.0000000000
10702 80.0000000000
11828 81.0000000000
12739 83.0000000000
13085 84.0000000000
13267 88.0000000000
13291 91.0000000000
13460 95.0000000000
13630 96.0000000000
13988 97.0000000000
14566 100.0000000000
evaluations raw_y
1 0.0000000000
110 3.0000000000
117 4.0000000000
418 5.0000000000
439 8.0000000000
620 9.0000000000
688 10.0000000000
786 11.0000000000
1460 13.0000000000
1487 14.0000000000
1801 15.0000000000
1883 16.0000000000
2185 18.0000000000
2757 21.0000000000
2777 23.0000000000
2978 24.0000000000
3132 27.0000000000
3325 31.0000000000
4013 32.0000000000
4083 33.0000000000
4216 36.0000000000
4243 37.0000000000
4434 39.0000000000
4653 40.0000000000
4847 41.0000000000
5279 42.0000000000
5371 44.0000000000
5515 45.0000000000
5699 46.0000000000
5893 55.0000000000
5964 59.0000000000
6098 60.0000000000
6293 62.0000000000
6436 64.0000000000
6439 68.0000000000
6536 70.0000000000
6792 71.0000000000
7246 72.0000000000
7373 74.0000000000
7693 76.0000000000
8266 78.0000000000
8521 83.0000000000
8668 85.0000000000
9328 86.0000000000
9482 89.0000000000
9774 90.0000000000
10022 91.0000000000
10521 95.0000000000
11123 98.0000000000
11330 100.0000000000
evaluations raw_y
1 6.0000000000
73 11.0000000000
185 13.0000000000
716 15.0000000000
807 19.0000000000
925 21.0000000000
996 23.0000000000
1064 24.0000000000
1508 25.0000000000
1733 26.0000000000
2377 29.0000000000
2578 30.0000000000
2631 32.0000000000
2651 33.0000000000
2675 34.0000000000
3071 35.0000000000
3181 38.0000000000
3425 39.0000000000
3640 41.0000000000
3706 44.0000000000
3984 45.0000000000
4147 46.0000000000
4551 52.0000000000
4843 53.0000000000
5687 57.0000000000
5760 58.0000000000
5777 59.0000000000
6266 60.0000000000
6467 66.0000000000
6866 68.0000000000
6912 69.0000000000
7223 71.0000000000
7346 74.0000000000
8565 75.0000000000
8870 76.0000000000
9239 83.0000000000
9339 84.0000000000
9669 89.0000000000
10237 91.0000000000
10992 95.0000000000
11046 96.0000000000
11087 98.0000000000
11236 99.0000000000
11362 100.0000000000
evaluations raw_y
1 0.0000000000
222 1.0000000000
402 2.0000000000
599 5.0000000000
895 7.0000000000
993 8.0000000000
1033 9.0000000000
1219 11.0000000000
1378 17.0000000000
1410 18.0000000000
1675 23.0000000000
1791 24.0000000000
2186 31.0000000000
2603 32.0000000000
3550 33.0000000000
3792 36.0000000000
3942 38.0000000000
4050 39.0000000000
4681 40.0000000000
4793 41.0000000000
4910 42.0000000000
5159 45.0000000000
5271 47.0000000000
5714 51.0000000000
5989 55.0000000000
6539 56.0000000000
6919 61.0000000000
7245 62.0000000000
7455 63.0000000000
7539 64.0000000000
7599 66.0000000000
7956 67.0000000000
7963 68.0000000000
8101 71.0000000000
8121 72.0000000000
8628 74.0000000000
8906 76.0000000000
9098 81.0000000000
9140 82.0000000000
9465 83.0000000000
9609 84.0000000000
9929 85.0000000000
10024 86.0000000000
10138 87.0000000000
10246 88.0000000000
11016 92.0000000000
11190 93.0000000000
12305 98.0000000000
12906 100.0000000000
evaluations raw_y
1 0.0000000000
212 2.0000000000
321 3.0000000000
1161 4.0000000000
1162 6.0000000000
1276 11.0000000000
1299 14.0000000000
1837 15.0000000000
2411 16.0000000000
2562 17.0000000000
2643 21.0000000000
2870 25.0000000000
2893 26.0000000000
3199 27.0000000000
3715 31.0000000000
3779 33.0000000000
3835 38.0000000000
4012 39.0000000000
4046 43.0000000000
4291 45.0000000000
5115 47.0000000000
5166 48.0000000000
5361 51.0000000000
5574 53.0000000000
5670 56.0000000000
6128 59.0000000000
6151 60.0000000000
6278 63.0000000000
6338 64.0000000000
6962 68.0000000000
7627 70.0000000000
8006 71.0000000000
8336 74.0000000000
8673 77.0000000000
8791 81.0000000000
9294 82.0000000000
9454 83.0000000000
9766 84.0000000000
9882 86.0000000000
10032 90.0000000000
10764 92.0000000000
11719 93.0000000000
11985 94.0000000000
12073 95.0000000000
12408 96.0000000000
13695 100.0000000000
evaluations raw_y
1 2.0000000000
32 6.0000000000
696 7.0000000000
1086 8.0000000000
1238 11.0000000000
1540 17.0000000000
1752 21.0000000000
1835 23.0000000000
1844 24.0000000000
1995 25.0000000000
2337 27.0000000000
2542 28.0000000000
2716 35.0000000000
2906 37.0000000000
3439 39.0000000000
3681 40.0000000000
3861 41.0000000000
4109 42.0000000000
4663 44.0000000000
5302 48.0000000000
5814 49.0000000000
6200 52.0000000000
6997 54.0000000000
7528 55.0000000000
8239 56.0000000000
8312 57.0000000000
8319 58.0000000000
8674 59.0000000000
8719 60.0000000000
10128 62.0000000000
10288 63.0000000000
11139 64.0000000000
11286 67.0000000000
12079 68.0000000000
12565 69.0000000000
13188 70.0000000000
13446 71.0000000000
14107 74.0000000000
14564 75.0000000000
14714 77.0000000000
14970 78.0000000000
15115 79.0000000000
15934 80.0000000000
16136 81.0000000000
16173 82.0000000000
16892 85.0000000000
17536 87.0000000000
17563 88.0000000000
17648 92.0000000000
18258 94.0000000000
18579 95.0000000000
18678 96.0000000000
18826 97.0000000000
18887 98.0000000000
19044 100.0000000000
evaluations raw_y
1 1.0000000000
187 4.0000000000
398 6.0000000000
562 8.0000000000
1610 9.0000000000
1619 17.0000000000
2387 19.0000000000
2723 20.0000000000
2808 22.0000000000
2910 23.0000000000
2971 24.0000000000
3179 25.0000000000
3423 29.0000000000
4011 30.0000000000
4993 32.0000000000
5194 34.0000000000
5613 35.0000000000
5859 37.0000000000
6146 39.0000000000
6200 40.0000000000
6313 41.0000000000
6453 42.0000000000
6524 44.0000000000
6680 45.0000000000
6965 47.0000000000
7101 48.0000000000
7187 54.0000000000
7428 55.0000000000
8038 56.0000000000
8354 57.0000000000
9066 58.0000000000
9138 59.0000000000
9416 60.0000000000
9645 61.0000000000
9899 62.0000000000
9934 64.0000000000
9950 65.0000000000
10040 66.0000000000
10069 70.0000000000
10207 71.0000000000
10442 72.0000000000
10518 74.0000000000
10582 76.0000000000
11005 78.0000000000
11084 79.0000000000
11768 84.0000000000
11839 85.0000000000
12174 88.0000000000
12362 90.0000000000
12530 96.0000000000
12587 100.0000000000
evaluations raw_y
1 0.0000000000
106 2.0000000000
350 5.0000000000
371 7.0000000000
497 11.0000000000
625 16.0000000000
767 23.0000000000
792 25.0000000000
1574 27.0000000000
1946 29.0000000000
2179 30.0000000000
2275 31.0000000000
3103 33.0000000000
3282 34.0000000000
3576 35.0000000000
4214 37.0000000000
4392 40.0000000000
4422 41.0000000000
4615 42.0000000000
4698 43.0000000000
5954 50.0000000000
6942 55.0000000000
6953 56.0000000000
7664 57.0000000000
7907 60.0000000000
8510 61.0000000000
8588 64.0000000000
8671 65.0000000000
8834 66.0000000000
9335 70.0000000000
9409 71.0000000000
9475 77.0000000000
9801 79.0000000000
10136 80.0000000000
10236 81.0000000000
10370 83.0000000000
10541 84.0000000000
11230 85.0000000000
11612 87.0000000000
11751 89.0000000000
11830 91.0000000000
12099 92.0000000000
12484 93.0000000000
13121 94.0000000000
13366 96.0000000000
14009 97.0000000000
14998 99.0000000000
15015 100.0000000000
