evaluations raw_y
1 51.0000000000
10 52.0000000000
11 53.0000000000
17 55.0000000000
25 57.0000000000
29 58.0000000000
30 59.0000000000
43 60.0000000000
56 61.0000000000
65 62.0000000000
66 63.0000000000
75 64.0000000000
81 65.0000000000
83 66.0000000000
85 67.0000000000
97 68.0000000000
103 69.0000000000
144 70.0000000000
152 71.0000000000
164 72.0000000000
179 73.0000000000
182 74.0000000000
190 75.0000000000
195 76.0000000000
214 77.0000000000
225 78.0000000000
230 79.0000000000
241 80.0000000000
257 82.0000000000
300 83.0000000000
305 84.0000000000
316 85.0000000000
335 86.0000000000
380 87.0000000000
387 88.0000000000
415 89.0000000000
417 90.0000000000
482 91.0000000000
538 92.0000000000
574 93.0000000000
606 94.0000000000
674 95.0000000000
697 96.0000000000
797 97.0000000000
841 98.0000000000
1287 99.0000000000
1415 100.0000000000
evaluations raw_y
1 99.0000000000
72 100.0000000000
evaluations raw_y
1 99.0000000000
452 100.0000000000
evaluations raw_y
1 98.0000000000
745 99.0000000000
976 100.0000000000
evaluations raw_y
1 99.0000000000
138 100.0000000000
evaluations raw_y
1 99.0000000000
175 100.0000000000
evaluations raw_y
1 98.0000000000
2 99.0000000000
485 100.0000000000
evaluations raw_y
1 99.0000000000
166 100.0000000000
evaluations raw_y
1 98.0000000000
414 99.0000000000
714 100.0000000000
evaluations raw_y
1 99.0000000000
141 100.0000000000
evaluations raw_y
1 47.0000000000
2 49.0000000000
68 51.0000000000
238 53.0000000000
251 54.0000000000
259 55.0000000000
269 56.0000000000
272 57.0000000000
401 58.0000000000
404 59.0000000000
408 60.0000000000
437 61.0000000000
656 62.0000000000
1210 63.0000000000
1219 64.0000000000
1220 65.0000000000
1321 66.0000000000
18703 67.0000000000
100000 52.0000000000
evaluations raw_y
1 52.0000000000
31 53.0000000000
44 54.0000000000
51 55.0000000000
54 56.0000000000
68 57.0000000000
252 58.0000000000
265 59.0000000000
833 60.0000000000
849 61.0000000000
890 62.0000000000
891 64.0000000000
893 65.0000000000
895 66.0000000000
10145 67.0000000000
27860 69.0000000000
93039 70.0000000000
100000 50.0000000000
evaluations raw_y
1 50.0000000000
8 51.0000000000
9 52.0000000000
12 53.0000000000
681 54.0000000000
682 55.0000000000
683 56.0000000000
684 57.0000000000
686 58.0000000000
689 59.0000000000
691 60.0000000000
702 61.0000000000
711 62.0000000000
714 63.0000000000
778 64.0000000000
784 65.0000000000
791 66.0000000000
33414 67.0000000000
33418 68.0000000000
79536 69.0000000000
79541 71.0000000000
79546 72.0000000000
100000 48.0000000000
evaluations raw_y
1 48.0000000000
2 49.0000000000
3 50.0000000000
9 51.0000000000
33 52.0000000000
39 54.0000000000
44 55.0000000000
56 57.0000000000
751 58.0000000000
753 59.0000000000
758 60.0000000000
820 61.0000000000
836 62.0000000000
7192 64.0000000000
21623 65.0000000000
41879 66.0000000000
48505 67.0000000000
100000 53.0000000000
evaluations raw_y
1 53.0000000000
8 54.0000000000
14 56.0000000000
17 57.0000000000
22 58.0000000000
29 59.0000000000
222 60.0000000000
541 61.0000000000
6432 62.0000000000
6433 63.0000000000
6448 64.0000000000
10897 65.0000000000
10900 66.0000000000
10905 67.0000000000
10931 68.0000000000
100000 46.0000000000
evaluations raw_y
1 46.0000000000
2 47.0000000000
313 49.0000000000
320 50.0000000000
324 51.0000000000
327 52.0000000000
328 53.0000000000
427 54.0000000000
435 55.0000000000
438 56.0000000000
474 57.0000000000
475 59.0000000000
2233 60.0000000000
3723 61.0000000000
3729 62.0000000000
3732 63.0000000000
13661 64.0000000000
13704 65.0000000000
31885 66.0000000000
70300 67.0000000000
70303 69.0000000000
84475 70.0000000000
100000 52.0000000000
evaluations raw_y
1 53.0000000000
3 54.0000000000
4 55.0000000000
5 58.0000000000
9 59.0000000000
32 60.0000000000
34 61.0000000000
35 62.0000000000
174 63.0000000000
177 64.0000000000
3902 65.0000000000
3905 66.0000000000
3909 67.0000000000
3914 68.0000000000
3932 69.0000000000
3935 70.0000000000
100000 47.0000000000
evaluations raw_y
1 45.0000000000
2 46.0000000000
31 47.0000000000
32 48.0000000000
115 49.0000000000
213 50.0000000000
320 51.0000000000
321 52.0000000000
333 53.0000000000
334 54.0000000000
337 55.0000000000
338 56.0000000000
804 57.0000000000
811 58.0000000000
824 59.0000000000
932 60.0000000000
3185 61.0000000000
3188 62.0000000000
3194 63.0000000000
5316 64.0000000000
5393 65.0000000000
5394 66.0000000000
19642 67.0000000000
86481 68.0000000000
86483 69.0000000000
100000 62.0000000000
evaluations raw_y
1 63.0000000000
20 64.0000000000
1234 65.0000000000
1235 66.0000000000
56333 67.0000000000
56336 69.0000000000
100000 50.0000000000
evaluations raw_y
1 49.0000000000
4 50.0000000000
9 51.0000000000
227 52.0000000000
338 53.0000000000
340 54.0000000000
471 55.0000000000
476 56.0000000000
478 57.0000000000
483 59.0000000000
485 61.0000000000
1188 62.0000000000
1198 63.0000000000
7448 64.0000000000
28556 65.0000000000
28561 66.0000000000
78938 67.0000000000
98847 68.0000000000
100000 56.0000000000
evaluations raw_y
1 54.0000000000
3 56.0000000000
4 57.0000000000
11 62.0000000000
25 65.0000000000
32 66.0000000000
38 67.0000000000
43 69.0000000000
47 71.0000000000
71 72.0000000000
105 73.0000000000
146 74.0000000000
149 75.0000000000
170 76.0000000000
203 77.0000000000
214 78.0000000000
241 79.0000000000
244 80.0000000000
261 81.0000000000
333 82.0000000000
349 83.0000000000
377 84.0000000000
419 85.0000000000
440 86.0000000000
459 87.0000000000
503 88.0000000000
530 89.0000000000
535 90.0000000000
541 91.0000000000
573 92.0000000000
649 93.0000000000
776 94.0000000000
788 95.0000000000
813 96.0000000000
822 97.0000000000
849 98.0000000000
1226 99.0000000000
3049 100.0000000000
evaluations raw_y
1 99.0000000000
155 100.0000000000
evaluations raw_y
1 99.0000000000
128 100.0000000000
evaluations raw_y
1 98.0000000000
3 99.0000000000
340 100.0000000000
evaluations raw_y
1 99.0000000000
1043 100.0000000000
evaluations raw_y
1 99.0000000000
27 100.0000000000
evaluations raw_y
1 98.0000000000
9 99.0000000000
392 100.0000000000
evaluations raw_y
1 98.0000000000
2 99.0000000000
197 100.0000000000
evaluations raw_y
1 99.0000000000
126 100.0000000000
evaluations raw_y
1 98.0000000000
2 99.0000000000
753 100.0000000000
evaluations raw_y
1 50.0000000000
2 58.0000000000
27 62.0000000000
20747 63.0000000000
23620 65.0000000000
31456 67.0000000000
69105 68.0000000000
100000 44.0000000000
evaluations raw_y
1 44.0000000000
3 46.0000000000
5 47.0000000000
11 49.0000000000
342 50.0000000000
394 51.0000000000
1380 53.0000000000
1407 54.0000000000
1462 55.0000000000
1489 56.0000000000
1538 57.0000000000
1573 58.0000000000
1625 60.0000000000
1648 61.0000000000
1664 62.0000000000
1767 63.0000000000
5406 64.0000000000
5439 65.0000000000
5736 66.0000000000
5826 67.0000000000
5869 69.0000000000
100000 55.0000000000
evaluations raw_y
1 57.0000000000
2 59.0000000000
159 60.0000000000
161 61.0000000000
195 62.0000000000
514 64.0000000000
1752 65.0000000000
1828 66.0000000000
1850 67.0000000000
2187 68.0000000000
2194 69.0000000000
2238 70.0000000000
2286 71.0000000000
2388 73.0000000000
100000 54.0000000000
evaluations raw_y
1 56.0000000000
11 58.0000000000
695 59.0000000000
1153 60.0000000000
1191 61.0000000000
32713 63.0000000000
32816 64.0000000000
32847 65.0000000000
32872 67.0000000000
32884 68.0000000000
100000 51.0000000000
evaluations raw_y
1 53.0000000000
10 54.0000000000
44 55.0000000000
406 56.0000000000
447 57.0000000000
4153 60.0000000000
4451 61.0000000000
12137 62.0000000000
12626 63.0000000000
12714 64.0000000000
20887 65.0000000000
76611 66.0000000000
100000 56.0000000000
evaluations raw_y
1 61.0000000000
24 63.0000000000
6301 64.0000000000
21599 65.0000000000
21659 66.0000000000
21876 67.0000000000
22016 68.0000000000
100000 57.0000000000
evaluations raw_y
1 57.0000000000
7 58.0000000000
17 60.0000000000
5184 61.0000000000
5672 62.0000000000
5709 63.0000000000
6154 65.0000000000
8007 66.0000000000
8113 67.0000000000
75201 68.0000000000
75234 69.0000000000
75257 71.0000000000
75691 72.0000000000
75764 73.0000000000
100000 55.0000000000
evaluations raw_y
1 53.0000000000
3 54.0000000000
6 56.0000000000
10 57.0000000000
23 58.0000000000
30 60.0000000000
102 62.0000000000
105 63.0000000000
290 64.0000000000
23541 65.0000000000
23575 66.0000000000
24017 67.0000000000
24248 68.0000000000
24290 70.0000000000
24328 71.0000000000
100000 51.0000000000
evaluations raw_y
1 49.0000000000
3 50.0000000000
4 52.0000000000
734 53.0000000000
2591 54.0000000000
3022 55.0000000000
3053 58.0000000000
3479 59.0000000000
3490 61.0000000000
4463 62.0000000000
6667 63.0000000000
6694 64.0000000000
74884 65.0000000000
100000 51.0000000000
evaluations raw_y
1 50.0000000000
3 53.0000000000
6 54.0000000000
7 56.0000000000
241 57.0000000000
268 58.0000000000
323 59.0000000000
663 61.0000000000
6571 62.0000000000
17701 64.0000000000
22337 66.0000000000
100000 52.0000000000
evaluations raw_y
1 57.0000000000
2 59.0000000000
13 62.0000000000
29 63.0000000000
99 64.0000000000
103 65.0000000000
104 66.0000000000
142 70.0000000000
181 72.0000000000
197 73.0000000000
222 74.0000000000
279 75.0000000000
283 76.0000000000
330 77.0000000000
355 81.0000000000
501 82.0000000000
594 83.0000000000
700 84.0000000000
784 85.0000000000
828 86.0000000000
941 87.0000000000
1043 88.0000000000
1106 89.0000000000
1121 90.0000000000
1244 91.0000000000
1291 92.0000000000
1340 93.0000000000
1492 94.0000000000
1644 95.0000000000
1739 96.0000000000
1868 97.0000000000
2412 98.0000000000
2628 99.0000000000
2704 100.0000000000
evaluations raw_y
1 97.0000000000
5 99.0000000000
109 100.0000000000
evaluations raw_y
1 99.0000000000
172 100.0000000000
evaluations raw_y
1 99.0000000000
164 100.0000000000
evaluations raw_y
1 99.0000000000
325 100.0000000000
evaluations raw_y
1 99.0000000000
506 100.0000000000
evaluations raw_y
1 99.0000000000
53 100.0000000000
evaluations raw_y
1 99.0000000000
205 100.0000000000
evaluations raw_y
1 98.0000000000
3 99.0000000000
176 100.0000000000
evaluations raw_y
1 99.0000000000
341 100.0000000000
evaluations raw_y
1 46.0000000000
2 55.0000000000
11 58.0000000000
25 60.0000000000
171 61.0000000000
243 63.0000000000
271 65.0000000000
100000 48.0000000000
evaluations raw_y
1 45.0000000000
5 50.0000000000
11 52.0000000000
24 57.0000000000
520 58.0000000000
2215 59.0000000000
2778 60.0000000000
3187 61.0000000000
3277 63.0000000000
8945 64.0000000000
12404 65.0000000000
45566 66.0000000000
100000 49.0000000000
evaluations raw_y
1 48.0000000000
3 52.0000000000
9 53.0000000000
11 55.0000000000
40 58.0000000000
515 61.0000000000
43857 62.0000000000
46699 64.0000000000
50502 65.0000000000
100000 47.0000000000
evaluations raw_y
1 51.0000000000
43 54.0000000000
89 55.0000000000
344 57.0000000000
364 59.0000000000
1672 60.0000000000
4167 62.0000000000
16167 63.0000000000
21890 64.0000000000
100000 49.0000000000
evaluations raw_y
1 50.0000000000
5 53.0000000000
8 54.0000000000
103 56.0000000000
609 57.0000000000
4117 58.0000000000
25656 60.0000000000
28050 63.0000000000
34473 64.0000000000
34730 66.0000000000
47220 68.0000000000
81425 69.0000000000
100000 54.0000000000
evaluations raw_y
1 53.0000000000
2 55.0000000000
6 60.0000000000
66 61.0000000000
128 62.0000000000
146 63.0000000000
418 64.0000000000
2081 65.0000000000
3129 67.0000000000
7055 68.0000000000
7838 69.0000000000
100000 48.0000000000
evaluations raw_y
1 54.0000000000
4 55.0000000000
16 58.0000000000
27 59.0000000000
312 60.0000000000
316 63.0000000000
2896 65.0000000000
5061 66.0000000000
6477 68.0000000000
100000 49.0000000000
evaluations raw_y
1 49.0000000000
3 52.0000000000
5 55.0000000000
81 56.0000000000
86 57.0000000000
301 58.0000000000
389 59.0000000000
575 61.0000000000
17540 62.0000000000
100000 48.0000000000
evaluations raw_y
1 48.0000000000
2 52.0000000000
46 53.0000000000
139 54.0000000000
820 56.0000000000
2166 59.0000000000
13210 60.0000000000
66975 61.0000000000
68198 62.0000000000
100000 47.0000000000
evaluations raw_y
1 49.0000000000
6 54.0000000000
11 56.0000000000
29 58.0000000000
400 59.0000000000
1332 60.0000000000
1358 61.0000000000
1378 62.0000000000
4406 63.0000000000
100000 51.0000000000
