evaluations raw_y
1 0.0000000000
2 2.0000000000
11 5.0000000000
18 10.0000000000
22 14.0000000000
46 16.0000000000
447 18.0000000000
919 20.0000000000
1187 22.0000000000
1394 25.0000000000
1660 26.0000000000
1983 31.0000000000
2632 33.0000000000
2803 34.0000000000
2961 36.0000000000
3044 39.0000000000
3624 43.0000000000
3674 45.0000000000
4141 47.0000000000
4845 48.0000000000
5060 49.0000000000
5211 51.0000000000
5342 52.0000000000
5501 58.0000000000
5830 59.0000000000
6481 61.0000000000
6576 62.0000000000
7766 71.0000000000
7895 72.0000000000
8005 73.0000000000
8617 74.0000000000
8829 75.0000000000
8836 76.0000000000
8884 77.0000000000
8963 79.0000000000
9004 81.0000000000
9464 85.0000000000
9620 88.0000000000
10018 89.0000000000
10081 90.0000000000
10174 91.0000000000
10427 92.0000000000
10506 96.0000000000
10640 97.0000000000
10675 99.0000000000
10722 100.0000000000
evaluations raw_y
1 0.0000000000
4 1.0000000000
5 9.0000000000
371 15.0000000000
400 16.0000000000
726 23.0000000000
1115 28.0000000000
1492 29.0000000000
1545 30.0000000000
2046 31.0000000000
2139 33.0000000000
2383 34.0000000000
2915 35.0000000000
2995 38.0000000000
3525 39.0000000000
3899 42.0000000000
4023 44.0000000000
4296 45.0000000000
4314 48.0000000000
4431 49.0000000000
5120 50.0000000000
5230 55.0000000000
5763 56.0000000000
6108 57.0000000000
6137 58.0000000000
6463 60.0000000000
6480 62.0000000000
6885 63.0000000000
7257 68.0000000000
7491 69.0000000000
8125 74.0000000000
8361 76.0000000000
8887 77.0000000000
9149 78.0000000000
9933 80.0000000000
10771 81.0000000000
11149 82.0000000000
11413 84.0000000000
11425 86.0000000000
11481 88.0000000000
11830 89.0000000000
12707 92.0000000000
12925 93.0000000000
13181 94.0000000000
13396 96.0000000000
13702 98.0000000000
13723 99.0000000000
15182 100.0000000000
evaluations raw_y
1 0.0000000000
2 1.0000000000
6 4.0000000000
227 8.0000000000
326 9.0000000000
652 10.0000000000
1157 16.0000000000
1166 17.0000000000
1185 18.0000000000
1228 19.0000000000
1465 20.0000000000
1793 22.0000000000
1982 26.0000000000
3012 31.0000000000
3295 33.0000000000
3490 36.0000000000
3746 37.0000000000
3896 40.0000000000
4073 41.0000000000
4232 43.0000000000
4424 44.0000000000
4733 50.0000000000
4965 51.0000000000
5071 52.0000000000
5195 54.0000000000
5516 55.0000000000
5873 56.0000000000
6225 58.0000000000
6398 59.0000000000
6474 61.0000000000
6748 63.0000000000
7237 64.0000000000
7274 67.0000000000
8067 70.0000000000
8631 72.0000000000
8845 73.0000000000
8857 75.0000000000
9289 76.0000000000
9417 77.0000000000
9642 83.0000000000
10646 84.0000000000
10960 87.0000000000
11019 90.0000000000
11091 91.0000000000
11176 93.0000000000
11240 94.0000000000
11458 95.0000000000
11876 96.0000000000
12836 97.0000000000
14094 99.0000000000
14393 100.0000000000
evaluations raw_y
1 0.0000000000
2 2.0000000000
23 3.0000000000
200 4.0000000000
768 5.0000000000
904 8.0000000000
1012 10.0000000000
1249 11.0000000000
1284 14.0000000000
1572 15.0000000000
1851 16.0000000000
2011 17.0000000000
2438 20.0000000000
2540 22.0000000000
2730 23.0000000000
2799 24.0000000000
3065 27.0000000000
3187 28.0000000000
3398 29.0000000000
3536 31.0000000000
3642 33.0000000000
3994 34.0000000000
4017 36.0000000000
4124 37.0000000000
4157 42.0000000000
4190 44.0000000000
4200 45.0000000000
4462 46.0000000000
4789 48.0000000000
4851 52.0000000000
4869 53.0000000000
5169 56.0000000000
6053 59.0000000000
6186 60.0000000000
6214 62.0000000000
6563 63.0000000000
6851 65.0000000000
7137 66.0000000000
7299 69.0000000000
7329 73.0000000000
7352 75.0000000000
7379 78.0000000000
7553 81.0000000000
8157 83.0000000000
8626 88.0000000000
8777 90.0000000000
9385 91.0000000000
9396 92.0000000000
9522 93.0000000000
9540 95.0000000000
10393 96.0000000000
11065 97.0000000000
11093 98.0000000000
11192 100.0000000000
evaluations raw_y
1 2.0000000000
11 4.0000000000
18 5.0000000000
180 7.0000000000
500 9.0000000000
699 12.0000000000
974 14.0000000000
1003 18.0000000000
1362 23.0000000000
1370 25.0000000000
1621 28.0000000000
1867 30.0000000000
2183 33.0000000000
2385 34.0000000000
2557 36.0000000000
2592 38.0000000000
2663 41.0000000000
3060 44.0000000000
3122 49.0000000000
3696 51.0000000000
3715 56.0000000000
3978 60.0000000000
4077 61.0000000000
4318 63.0000000000
4540 64.0000000000
4572 67.0000000000
4653 68.0000000000
4913 70.0000000000
5096 71.0000000000
5120 74.0000000000
5777 76.0000000000
5861 77.0000000000
6413 78.0000000000
7146 82.0000000000
7167 84.0000000000
7304 85.0000000000
7582 88.0000000000
7627 91.0000000000
7684 92.0000000000
7917 94.0000000000
8196 96.0000000000
8199 100.0000000000
evaluations raw_y
1 0.0000000000
4 2.0000000000
6 3.0000000000
259 7.0000000000
263 10.0000000000
365 12.0000000000
399 16.0000000000
558 17.0000000000
949 23.0000000000
1066 30.0000000000
1172 31.0000000000
1268 33.0000000000
1395 35.0000000000
1399 36.0000000000
2191 37.0000000000
2207 42.0000000000
2563 45.0000000000
2881 47.0000000000
3078 50.0000000000
3109 51.0000000000
3531 56.0000000000
3579 59.0000000000
3607 63.0000000000
4077 69.0000000000
4084 74.0000000000
4140 76.0000000000
4232 81.0000000000
4282 82.0000000000
4899 83.0000000000
4923 84.0000000000
5445 86.0000000000
6154 87.0000000000
6846 90.0000000000
6949 91.0000000000
7711 93.0000000000
8333 95.0000000000
8569 96.0000000000
8671 99.0000000000
8814 100.0000000000
evaluations raw_y
1 0.0000000000
4 1.0000000000
13 2.0000000000
17 4.0000000000
89 7.0000000000
447 9.0000000000
706 10.0000000000
949 11.0000000000
1517 12.0000000000
1659 16.0000000000
2157 17.0000000000
2289 20.0000000000
2734 24.0000000000
3090 27.0000000000
3558 28.0000000000
3714 33.0000000000
3766 34.0000000000
3893 38.0000000000
4070 39.0000000000
4251 42.0000000000
4418 44.0000000000
5052 45.0000000000
5293 47.0000000000
6017 49.0000000000
6098 50.0000000000
6190 54.0000000000
6360 56.0000000000
6445 57.0000000000
7073 58.0000000000
7194 59.0000000000
7409 63.0000000000
7455 65.0000000000
7872 69.0000000000
8006 72.0000000000
8062 73.0000000000
8233 74.0000000000
9141 77.0000000000
9205 78.0000000000
9498 79.0000000000
9640 80.0000000000
10294 81.0000000000
10404 83.0000000000
10848 84.0000000000
11812 86.0000000000
12027 88.0000000000
12207 91.0000000000
12408 92.0000000000
12599 93.0000000000
12663 97.0000000000
12909 98.0000000000
13203 100.0000000000
evaluations raw_y
1 3.0000000000
7 7.0000000000
15 8.0000000000
27 10.0000000000
31 11.0000000000
49 12.0000000000
546 14.0000000000
777 15.0000000000
888 16.0000000000
1381 17.0000000000
2082 19.0000000000
2112 20.0000000000
2275 24.0000000000
2990 26.0000000000
3567 27.0000000000
3696 30.0000000000
3952 31.0000000000
4021 32.0000000000
4024 33.0000000000
4063 34.0000000000
4093 35.0000000000
4348 37.0000000000
4372 38.0000000000
4569 39.0000000000
4752 40.0000000000
4838 43.0000000000
5516 46.0000000000
5584 49.0000000000
5667 50.0000000000
5706 56.0000000000
5710 57.0000000000
6904 59.0000000000
6932 62.0000000000
7288 67.0000000000
7368 68.0000000000
7546 71.0000000000
7601 72.0000000000
8057 74.0000000000
8651 75.0000000000
8845 76.0000000000
9897 78.0000000000
10260 79.0000000000
10389 83.0000000000
10694 84.0000000000
10834 85.0000000000
11297 86.0000000000
11698 88.0000000000
12061 91.0000000000
12401 95.0000000000
12767 97.0000000000
13103 99.0000000000
13773 100.0000000000
evaluations raw_y
1 2.0000000000
6 4.0000000000
188 5.0000000000
221 10.0000000000
241 11.0000000000
933 14.0000000000
978 19.0000000000
1089 22.0000000000
1333 24.0000000000
1472 28.0000000000
1890 32.0000000000
2413 33.0000000000
2565 36.0000000000
2607 37.0000000000
2793 38.0000000000
2858 39.0000000000
2865 41.0000000000
3012 42.0000000000
3806 43.0000000000
3873 44.0000000000
4073 46.0000000000
4225 49.0000000000
4605 52.0000000000
5438 55.0000000000
5772 56.0000000000
5830 57.0000000000
6312 58.0000000000
6341 61.0000000000
6581 62.0000000000
6784 63.0000000000
6788 68.0000000000
7168 70.0000000000
7187 73.0000000000
7712 76.0000000000
8016 77.0000000000
8237 81.0000000000
8974 82.0000000000
9021 84.0000000000
10341 85.0000000000
10393 89.0000000000
10842 91.0000000000
11468 92.0000000000
11495 93.0000000000
12064 94.0000000000
12110 98.0000000000
12197 100.0000000000
evaluations raw_y
1 0.0000000000
2 3.0000000000
8 4.0000000000
18 6.0000000000
25 8.0000000000
315 9.0000000000
426 10.0000000000
767 12.0000000000
957 13.0000000000
1174 15.0000000000
1237 16.0000000000
1406 18.0000000000
1826 19.0000000000
1896 20.0000000000
1907 21.0000000000
1954 23.0000000000
2188 24.0000000000
2518 25.0000000000
2589 26.0000000000
2728 29.0000000000
4490 31.0000000000
4927 33.0000000000
5088 35.0000000000
5268 41.0000000000
5289 42.0000000000
5771 43.0000000000
5817 44.0000000000
5937 46.0000000000
6014 47.0000000000
6041 53.0000000000
6047 54.0000000000
6066 55.0000000000
6524 61.0000000000
7082 62.0000000000
7566 63.0000000000
7820 65.0000000000
7929 66.0000000000
7937 69.0000000000
8033 71.0000000000
8341 72.0000000000
8640 73.0000000000
8788 76.0000000000
8851 77.0000000000
9254 80.0000000000
9268 81.0000000000
10084 82.0000000000
10191 83.0000000000
10232 88.0000000000
12194 89.0000000000
12567 90.0000000000
12985 94.0000000000
13178 97.0000000000
13351 100.0000000000
